19.444498,-99.165419,2245.1,2.63,2928186531
19.444505,-99.165418,2245,3.57,2929186522
19.444514,-99.165417,2245,3.89,2930186541
19.444525,-99.165414,2245,4.8,2931186522
19.44454,-99.16541,2245,7.35,2932186547
19.444562,-99.165406,2244.9,10.39,2933186530
19.44459,-99.1654,2244.7,12.19,2934187870
19.444622,-99.165393,2244.5,13.74,2935186534
19.444657,-99.165386,2244.3,14.15,2936186548
19.444688,-99.165379,2244.2,11.17,2937186531
19.44471,-99.165375,2244,7.24,2938186545
19.444727,-99.165371,2243.9,6.96,2939186525
19.444743,-99.165368,2243.7,7.11,2940186528
19.444761,-99.165364,2243.7,7.45,2941186529
19.444781,-99.16536,2243.5,8.59,2942186552
19.444804,-99.165355,2243.3,10.8,2943186546
19.444834,-99.165348,2243.1,12.93,2944186569
19.444868,-99.16534,2242.9,14.35,2945186542
19.444904,-99.165332,2242.8,14.63,2946186565
19.444937,-99.165325,2242.5,12.3,2947186541
19.44496,-99.16532,2242.3,6.87,2948186546
19.444972,-99.165317,2242.3,3.78,2949186528
19.444979,-99.165316,2242.3,2.93,2950186541
19.444987,-99.165313,2242,5.32,2951186531
19.445001,-99.165309,2241.8,7.46,2952186542
19.445018,-99.165304,2241.7,6.63,2953186532
19.445031,-99.165301,2241.7,3.89,2954186553
19.445039,-99.165299,2241.6,3.91,2955186533
19.445051,-99.165296,2241.5,5.98,2956186546
19.445068,-99.165293,2241.4,7.72,2957186530
19.445088,-99.165289,2241.4,8.52,2958186541
19.44511,-99.165283,2241.2,9.13,2959186525
19.445135,-99.165277,2240.9,11.02,2960186560
19.445164,-99.165269,2240.8,12.09,2961186548
19.445192,-99.165262,2240.7,11.46,2962186546
19.445219,-99.165256,2240.5,10.45,2963186534
19.445243,-99.165249,2240.2,9.74,2964186532
19.445268,-99.165244,2240.1,10.43,2965186537
19.445297,-99.165238,2240.1,11.83,2966186560
19.445328,-99.165232,2240,13.28,2967186535
19.445364,-99.165224,2239.8,15.13,2968186559
19.445405,-99.165215,2239.7,17.17,2969186531
19.44545,-99.165206,2239.6,17.8,2970186560
19.445494,-99.165196,2239.6,17.32,2971186546
19.445536,-99.165186,2239.5,16.59,2972186558
19.445576,-99.165177,2239.5,15.89,2973186547
19.445615,-99.165169,2239.5,15.2,2974186560
19.445652,-99.165161,2239.5,14.39,2975186553
19.445686,-99.165154,2239.3,13.89,2976186569
19.445719,-99.165146,2239.3,13.19,2977186546
19.445749,-99.165139,2239.4,11.78,2978186566
19.445777,-99.165134,2239.6,10.46,2979186558
19.445802,-99.165128,2239.5,10.46,2980186569
19.445828,-99.165122,2239.5,11.59,2981186546
19.445856,-99.165115,2239.6,11.32,2982186553
19.445882,-99.16511,2239.7,9.43,2983186528
19.445903,-99.165105,2239.7,8.04,2984186557
19.44592,-99.165102,2239.5,6.91,2985186529
19.445935,-99.165098,2239.6,6,2986186545
19.44595,-99.165095,2239.7,6.46,2987186533
19.445967,-99.165091,2239.7,7.83,2988186548
19.445986,-99.165087,2239.5,7.95,2989186531
19.446005,-99.165082,2239.6,7.59,2990186549
19.446023,-99.165078,2239.7,7,2991186530
19.446039,-99.165074,2239.7,6.33,2992186553
19.446056,-99.16507,2239.5,7.35,2993186528
19.446075,-99.165065,2239.5,8.56,2994186557
19.446097,-99.16506,2239.5,8.93,2995186532
19.446119,-99.165056,2239.5,8.85,2996186559
19.446142,-99.16505,2239.4,10.02,2997186557
19.446165,-99.165045,2239.4,9.67,2998186535
19.446189,-99.165039,2239.5,9.28,2999186525
19.446212,-99.165034,2239.6,8.95,3000186542
19.446234,-99.165029,2239.5,8.95,3001186533
19.446256,-99.165024,2239.5,9.54,3002186533
19.44628,-99.165019,2239.6,9.46,3003186524
19.446303,-99.165014,2239.7,8.93,3004186557
19.446323,-99.165009,2239.7,8.35,3005186532
19.446342,-99.165004,2239.5,7.8,3006186541
19.446361,-99.165,2239.6,7.28,3007186530
19.446378,-99.164996,2239.7,6.63,3008186560
19.446393,-99.164993,2239.7,6.15,3009186525
19.446408,-99.164989,2239.6,6.3,3010186541
19.446425,-99.164985,2239.6,7.76,3011186525
19.446446,-99.164981,2239.6,9.26,3012186542
19.44647,-99.164976,2239.7,10.07,3013186546
19.446496,-99.164969,2239.7,10.69,3014186569
19.446522,-99.164963,2239.7,10.24,3015186534
19.446546,-99.164957,2239.9,9.52,3016186546
19.446569,-99.164951,2240,8.87,3017186525
19.446591,-99.164946,2240,9.39,3018186560
19.446616,-99.16494,2240.1,11.09,3019186546
19.446645,-99.164934,2240.3,12.06,3020186569
19.446675,-99.164928,2240.5,11.17,3021186530
19.446701,-99.164923,2240.6,9.85,3022186559
19.446724,-99.164918,2240.6,9.3,3023186532
19.446747,-99.164913,2240.7,9.35,3024186535
19.446769,-99.164909,2240.9,8.72,3025186529
19.44679,-99.164904,2241,8.46,3026186541
19.446811,-99.164899,2241,8.5,3027186524
19.446832,-99.164893,2241.1,7.85,3028186542
19.446851,-99.164888,2241.3,7.46,3029186525
19.446868,-99.164884,2241.5,6.65,3030186557
19.446884,-99.16488,2241.5,6.15,3031186522
19.446899,-99.164877,2241.7,6.44,3032186546
19.446914,-99.164873,2241.9,6.67,3033186525
19.446931,-99.16487,2241.9,6.85,3034186557
19.446948,-99.164865,2242,7.04,3035186528
19.446965,-99.164861,2241.9,7.15,3036186542
19.446983,-99.164858,2242,7.85,3037186524
19.447005,-99.164855,2242.1,9.35,3038186541
19.447031,-99.164849,2242.2,11.52,3039186546
19.447063,-99.164841,2242.4,13.26,3040186558
19.447095,-99.164835,2242.6,12.04,3041186534
19.447123,-99.164831,2242.9,9.96,3042186542
19.447146,-99.164827,2243.2,7.72,3043186530
19.447164,-99.164824,2243.4,6.39,3044186553
19.447181,-99.16482,2243.6,7.91,3045186529
19.447202,-99.164815,2243.8,8.67,3046186553
19.447226,-99.164808,2244.1,10.06,3047186557
19.447252,-99.164802,2244.3,10.54,3048186570
19.447279,-99.164798,2244.6,10.8,3049186557
19.447306,-99.164793,2245.2,9.85,3050186542
19.447328,-99.164789,2245.6,8.28,3051186525
19.447349,-99.164785,2245.7,8.46,3052186542
19.447368,-99.164782,2245.9,7.02,3053186529
19.447385,-99.164777,2246.1,7.15,3054186535
19.447406,-99.164776,2246.2,9.7,3055186524
19.447432,-99.164775,2246.2,11.33,3056186565
19.447466,-99.16477,2246.2,15.59,3057186535
19.447514,-99.164762,2246.5,21.26,3058186565
19.447575,-99.164747,2246.8,27.43,3059186546
19.447651,-99.164724,2247.1,32.85,3060186569
19.447738,-99.164698,2247.5,36.98,3061186545
19.447835,-99.164669,2247.9,40.3,3062186565
19.447938,-99.164641,2248.5,41.65,3063186535
19.448043,-99.164615,2248.7,41.73,3064186565
19.448144,-99.164592,2249,39.69,3065186536
19.448242,-99.16457,2249.3,38.37,3066186569
19.448337,-99.164549,2249.4,38.43,3067186557
19.448433,-99.164528,2249.4,39,3068186570
19.448531,-99.164505,2249.3,40.36,3069186558
19.448632,-99.164482,2249.4,41.3,3070186565
19.448736,-99.16446,2249.4,42.24,3071186536
19.448841,-99.164436,2249.3,42.82,3072186565
19.448947,-99.164411,2249.3,43.13,3073186542
19.449054,-99.164385,2249.4,43.06,3074186565
19.449161,-99.16436,2249.5,43.32,3075186535
19.449268,-99.164336,2249.6,44.08,3076186569
19.449378,-99.164311,2249.7,44.73,3077186547
19.449489,-99.164286,2249.7,45.52,3078186565
19.449603,-99.16426,2249.8,46.58,3079186557
19.44972,-99.164235,2249.8,47.99,3080186570
19.449842,-99.164212,2249.5,49.99,3081186535
19.449969,-99.164194,2249.2,51.67,3082186560
19.450102,-99.164184,2248.9,53.1,3083186546
19.450237,-99.164183,2248.5,54.13,3084186558
19.450375,-99.164187,2247.9,55.15,3085186536
19.450515,-99.164193,2247.1,56.49,3086186570
19.450661,-99.164197,2246.3,58.13,3087186542
19.450809,-99.1642,2245.2,59.49,3088186566
19.450959,-99.164203,2244.2,59.75,3089186557
19.451112,-99.164204,2243,61.19,3090186564
19.45127,-99.164205,2241.8,63.52,3091186546
19.451432,-99.164205,2240.9,65.3,3092186564
19.451599,-99.164203,2240.2,66.62,3093186528
19.451768,-99.164199,2239.7,67.43,3094186565
19.451939,-99.164191,2239.4,67.73,3095186535
19.452111,-99.164178,2239.3,67.78,3096186570
19.452282,-99.16416,2239.3,68.08,3097186557
19.452453,-99.164141,2239.3,68.58,3098186577
19.452626,-99.164121,2239.3,69.25,3099186557
19.4528,-99.164102,2239.3,70.06,3100186577
19.452977,-99.164083,2239.4,70.78,3101186542
19.453153,-99.164062,2239.2,69.86,3102186565
19.453329,-99.164043,2239.1,70.3,3103186546
19.453507,-99.164024,2239.2,70.76,3104186561
19.453684,-99.164006,2239.1,71.08,3105186548
19.453862,-99.163985,2239.3,71.23,3106186560
19.454041,-99.163962,2239.4,71.06,3107186532
19.454218,-99.163937,2239.7,70.58,3108186571
19.454394,-99.163911,2240.2,70.17,3109186536
19.454568,-99.163885,2240.9,70.19,3110186566
19.454743,-99.163859,2241.6,69.8,3111186530
19.454916,-99.163833,2242.6,69.26,3112186571
19.455087,-99.163809,2243.7,68.62,3113186554
19.455258,-99.163784,2244.7,68.36,3114186560
19.455426,-99.163763,2245.6,67.89,3115186546
19.455594,-99.16374,2246.4,67.54,3116186569
19.45576,-99.163717,2247.3,66.95,3117186546
19.455926,-99.16369,2248.2,66.49,3118186569
19.456091,-99.16366,2249,66.25,3119186552
19.456253,-99.163624,2249.6,65.91,3120186561
19.456414,-99.163587,2250,65.67,3121186556
19.456577,-99.163551,2250.2,66.1,3122186577
19.45674,-99.163515,2250.1,66.89,3123186546
19.456905,-99.163478,2249.9,67.47,3124186565
19.457071,-99.16344,2249.7,68.02,3125186542
19.457239,-99.163403,2249.6,68.38,3126186570
19.457407,-99.163367,2249.4,68.69,3127186532
19.457576,-99.16333,2249.1,69.01,3128186546
19.457746,-99.163293,2248.8,69.43,3129186558
19.457916,-99.163254,2248.6,69.78,3130186565
19.458088,-99.163216,2248.4,70.14,3131186557
19.45826,-99.163177,2248.2,70.43,3132186565
19.458433,-99.163139,2247.9,70.32,3133186533
19.458604,-99.163099,2247.9,70.04,3134186565
19.458776,-99.163057,2247.8,69.67,3135186546
19.458945,-99.163008,2247.6,69.88,3136186565
19.45911,-99.162944,2247.4,69.84,3137186546
19.459269,-99.162863,2247.3,69.73,3138186565
19.459418,-99.162766,2247.1,70.01,3139186557
19.459561,-99.162653,2246.9,71.25,3140186565
19.459695,-99.162525,2246.6,72.52,3141186546
19.459823,-99.162383,2246.3,73.91,3142186565
19.459945,-99.162232,2245.9,75.34,3143186546
19.460066,-99.162075,2245.1,76.67,3144186558
19.460189,-99.161916,2244.1,77.38,3145186546
19.460312,-99.161757,2243.1,76.77,3146186557
19.460436,-99.161601,2242.1,76.17,3147186542
19.460558,-99.161446,2241.1,75.67,3148186558
19.460681,-99.161292,2240.2,75.67,3149186529
19.460807,-99.16114,2239.6,75.99,3150186560
19.46094,-99.160995,2239.5,76.15,3151186534
19.461083,-99.160862,2239.4,75.17,3152186553
19.461232,-99.160743,2239.3,74.04,3153186546
19.461388,-99.160637,2239.2,73.91,3154186560
19.461549,-99.160539,2239.1,73.84,3155186542
19.461712,-99.160449,2239,73.39,3156186557
19.461875,-99.160361,2238.9,73.1,3157186527
19.462039,-99.160273,2238.8,73.04,3158186565
19.462202,-99.160185,2238.8,73.51,3159186534
19.462368,-99.160097,2238.8,73.78,3160186569
19.462533,-99.160008,2238.8,73.25,3161186549
19.462695,-99.159921,2238.8,72.08,3162186565
19.462853,-99.159831,2239,70.88,3163186552
19.463003,-99.159735,2239.5,69.47,3164186566
19.463145,-99.159634,2240.2,67.51,3165186546
19.463276,-99.159529,2241.3,64.78,3166186560
19.463394,-99.15942,2242.9,61.76,3167186546
19.463501,-99.159306,2244.4,60.43,3168186570
19.463599,-99.159187,2245.9,60.15,3169186557
19.46369,-99.159062,2247,60.15,3170186557
19.46377,-99.158928,2247.9,60.17,3171186528
19.463842,-99.158788,2248.7,60.1,3172186570
19.463905,-99.158644,2249,60.38,3173186545
19.463959,-99.158493,2249,61.25,3174186569
19.464003,-99.158336,2248.7,62.75,3175186546
19.464039,-99.158171,2248.1,64.1,3176186547
19.464067,-99.158002,2247.2,65.08,3177186542
19.464082,-99.157828,2245.9,65.58,3178186565
19.464084,-99.157655,2244.2,65.89,3179186542
19.464073,-99.15748,2242.5,66.6,3180186564
19.464051,-99.157303,2240.8,67.52,3181186548
19.464019,-99.157124,2239.3,68.95,3182186565
19.46398,-99.156942,2238.2,71.12,3183186542
19.463938,-99.156753,2237.7,72.8,3184186558
19.463893,-99.156562,2237.4,73.8,3185186557
19.463842,-99.156369,2237.4,74.52,3186186565
19.46379,-99.156178,2237.5,74.78,3187186546
19.463737,-99.155984,2237.8,75.67,3188186566
19.463689,-99.155786,2238,76.52,3189186532
19.463646,-99.155587,2238.3,76.73,3190186561
19.463607,-99.155388,2238.6,76.43,3191186553
19.463569,-99.155189,2239.4,75.49,3192186569
19.463534,-99.154994,2240.7,73.86,3193186553
19.463498,-99.154804,2241.9,72.23,3194186565
19.463462,-99.154617,2242.9,71.67,3195186542
19.463425,-99.154431,2243.8,71.32,3196186548
19.463389,-99.154246,2244.6,71.26,3197186542
19.463352,-99.154061,2245.3,71.25,3198186560
19.463314,-99.153876,2245.7,71.19,3199186525
19.463278,-99.153691,2245.7,71.06,3200186559
19.463246,-99.153508,2245.7,70.17,3201186531
19.463217,-99.153327,2245.6,69.06,3202186565
19.46319,-99.153146,2245.4,68.82,3203186557
19.463167,-99.152968,2244.9,67.78,3204186559
19.463146,-99.152791,2244.3,66.75,3205186543
19.463124,-99.152617,2243.6,66.04,3206186570
19.463102,-99.152444,2242.8,66.21,3207186546
19.46308,-99.152269,2241.8,67.36,3208186565
19.463058,-99.15209,2240.6,68.71,3209186548
19.463036,-99.151907,2239.6,69.95,3210186565
19.463014,-99.151723,2238.9,70.65,3211186542
19.462993,-99.151539,2238.4,69.47,3212186565
19.462971,-99.151355,2237.8,69.71,3213186546
19.462946,-99.151172,2237.8,69.49,3214186565
19.462922,-99.150989,2237.9,69.3,3215186557
19.462902,-99.150807,2238,68.71,3216186557
19.46289,-99.150627,2238.1,67.28,3217186546
19.462891,-99.150453,2238.1,65.3,3218186577
19.462906,-99.150283,2238.3,63.58,3219186557
19.462933,-99.15012,2238.3,61.62,3220186569
19.462968,-99.149964,2238.1,59.63,3221186546
19.463005,-99.149813,2238,58.5,3222186569
19.463042,-99.149667,2238.1,57.04,3223186549
19.46308,-99.149522,2238,57.89,3224186565
19.463118,-99.149372,2238,58.86,3225186542
19.463155,-99.14922,2238.2,59.86,3226186565
19.463196,-99.149066,2238.2,60.76,3227186546
19.463236,-99.14891,2238.2,61.32,3228186565
19.463275,-99.148753,2238.3,60.97,3229186533
19.463313,-99.148601,2238.2,59.28,3230186565
19.463352,-99.14845,2238.2,58.86,3231186548
19.463391,-99.148301,2238.2,59.13,3232186557
19.46343,-99.14815,2238.2,59.28,3233186537
19.463468,-99.147998,2238.3,59.71,3234186565
19.463509,-99.147846,2238.1,60.49,3235186537
19.463548,-99.147689,2238,61.99,3236186557
19.463587,-99.147528,2238,63.32,3237186532
19.463625,-99.147363,2237.7,64.3,3238186566
19.463661,-99.147195,2237.6,65.32,3239186542
19.463699,-99.147026,2237.5,65.19,3240186546
19.463737,-99.146856,2237.4,66.19,3241186529
19.463775,-99.146686,2237.3,66.36,3242186569
19.463818,-99.146516,2237,66.43,3243186531
19.46387,-99.146349,2236.7,65.04,3244186565
19.463935,-99.146191,2236.7,64.82,3245186542
19.464005,-99.146038,2236.8,64.1,3246186557
19.464071,-99.145886,2236.9,62.34,3247186553
19.464127,-99.145734,2237,61.02,3248186557
19.464175,-99.145582,2237.5,60.49,3249186553
19.464221,-99.145428,2237.6,61.13,3250186546
19.464267,-99.145273,2237.5,61.8,3251187866
19.464314,-99.145116,2237.5,62.1,3252186548
19.464361,-99.144959,2237.5,62.13,3253186557
19.464408,-99.144803,2237.5,61.5,3254186559
19.464455,-99.144652,2237.4,59.62,3255186553
19.464499,-99.144504,2237.4,58.34,3256186546
19.46454,-99.144358,2237.7,56.58,3257186546
19.464573,-99.144217,2237.8,54.47,3258186549
19.464596,-99.144081,2238.2,51.43,3259186554
19.464602,-99.14395,2238.5,49.67,3260186546
19.464586,-99.143825,2238.9,46.76,3261186553
19.464551,-99.143711,2239.3,43.84,3262186557
19.4645,-99.143609,2239.6,42.48,3263186557
19.464435,-99.14352,2239.9,42.73,3264186546
19.46436,-99.143439,2240.4,43.17,3265186546
19.464275,-99.143367,2240.5,43.17,3266186546
19.464182,-99.143304,2240.4,43.17,3267186553
19.464082,-99.143251,2240.1,44.02,3268186557
19.463981,-99.143197,2239.8,44.08,3269186542
19.463884,-99.143139,2239.5,43.13,3270186541
19.463799,-99.14307,2239.4,42.52,3271186553
19.463729,-99.142985,2239.4,42.43,3272186536
19.463677,-99.142887,2239.4,42.19,3273186557
19.463643,-99.142782,2239.2,41.74,3274186536
19.463626,-99.142673,2238.7,42,3275186546
19.463626,-99.142561,2238.1,41.97,3276186549
19.463644,-99.142452,2237.6,41.73,3277186542
19.463683,-99.142349,2237,41.41,3278186545
19.46374,-99.142258,2236.6,40.48,3279186557
19.463811,-99.14218,2236.4,39.3,3280186557
19.463891,-99.142114,2236.4,39.76,3281186546
19.463978,-99.142048,2236.5,42.71,3282186545
19.464074,-99.141982,2236.6,45.21,3283186558
19.464175,-99.141921,2236.6,46.17,3284186557
19.464286,-99.141876,2236.2,46.71,3285186557
19.464401,-99.141843,2236.2,46.28,3286186559
19.464515,-99.141815,2236.4,45.3,3287186541
19.464624,-99.141787,2236.5,43.02,3288186559
19.464723,-99.14176,2236.4,38.08,3289186553
19.464812,-99.141733,2235.6,34.8,3290186557
19.464891,-99.141705,2235.6,31.58,3291186558
19.464966,-99.141672,2235.6,33.21,3292186560
19.465043,-99.141621,2235.4,40.06,3293186557
19.465128,-99.141555,2234.6,44.67,3294186546
19.465218,-99.141482,2233.5,46.17,3295186546
19.465311,-99.141405,2232.6,47.49,3296186557
19.465405,-99.141324,2232,49.04,3297186556
19.465503,-99.141244,2231.8,49.84,3298186557
19.465599,-99.141152,2230.3,51.87,3299186557
19.465691,-99.141081,2230.4,45.5,3300186560
19.465777,-99.141018,2230.8,39.58,3301186553
19.465863,-99.140957,2231.7,42.54,3302186546
19.465947,-99.140901,2232.2,38.95,3303186542
19.466025,-99.140848,2231.5,37.1,3304186557
19.466101,-99.140802,2231.3,34.1,3305186557
19.466176,-99.140762,2232.2,31.34,3306186557
19.46624,-99.140725,2232.4,28.58,3307186557
19.4663,-99.140692,2233.1,26.91,3308186542
19.466363,-99.140657,2234,29.22,3309186557
19.466433,-99.140617,2234.5,33.54,3310186546
19.466513,-99.140575,2234.7,36.06,3311186542
19.466591,-99.140527,2235,36.56,3312186559
19.466671,-99.140483,2235.1,34.74,3313186530
19.466741,-99.140437,2234.9,32.3,3314186559
19.466806,-99.140391,2235,30.52,3315186541
19.466863,-99.140348,2235,27.19,3316186557
19.466915,-99.140309,2235.1,24.54,3317186560
19.466965,-99.140268,2235.1,25.72,3318186548
19.46702,-99.14022,2235,31.89,3319186545
19.467088,-99.140164,2234.8,36.52,3320186560
19.467165,-99.140101,2234.6,40.32,3321186557
19.46725,-99.140033,2234.7,43.11,3322186546
19.467338,-99.139961,2234.7,44.73,3323186542
19.46743,-99.139886,2234.6,46.17,3324186542
19.467525,-99.139809,2234.5,46.93,3325186557
19.467621,-99.139733,2234.8,47.49,3326186546
19.467716,-99.139657,2234.9,47.17,3327186553
19.46781,-99.139579,2235,46.89,3328186560
19.467902,-99.139501,2235,46.82,3329186553
19.467995,-99.139423,2235.1,46.6,3330186560
19.468086,-99.139345,2235.1,46.56,3331186559
19.468179,-99.139267,2235,47.06,3332186545
19.468271,-99.139188,2234.9,46.41,3333186560
19.468359,-99.139109,2235,44.73,3334186553
19.468447,-99.139037,2235.1,42.93,3335186558
19.468528,-99.13897,2234.6,41.06,3336186547
19.468608,-99.138902,2234.2,40.74,3337186558
19.468693,-99.13883,2234.4,44.41,3338186536
19.468785,-99.138751,2234.4,48.65,3339186553
19.468883,-99.13867,2234.5,50.36,3340186546
19.468985,-99.138588,2234.5,51.13,3341186553
19.469088,-99.138505,2234.6,51.06,3342186553
19.469189,-99.138423,2234.6,50.36,3343186560
19.469291,-99.138341,2234.6,51.02,3344186548
19.469394,-99.138258,2234.3,51.89,3345186546
19.469501,-99.138172,2233.9,54.34,3346186553
19.469612,-99.138081,2233.2,56.52,3347186554
19.469726,-99.137987,2232.3,58.3,3348186557
19.469842,-99.137889,2231.3,59.95,3349186557
19.469964,-99.13779,2230.4,62.12,3350186547
19.470091,-99.137686,2229.5,64.38,3351186546
19.470219,-99.137579,2228.6,65.15,3352186548
19.470347,-99.137469,2227.6,65.47,3353186546
19.470471,-99.13736,2227.8,63.36,3354186565
19.470589,-99.137252,2227.8,62.67,3355186546
19.470718,-99.13714,2227.8,66.34,3356186565
19.470886,-99.137026,2227.8,77.9,3357186560
19.471029,-99.136926,2227.8,69.58,3358186565
19.471126,-99.136842,2227.9,59.47,3359186553
19.471275,-99.136775,2228,61.13,3360186552
19.471395,-99.136655,2228.1,66.45,3361186559
19.471507,-99.136511,2228.7,60.43,3362186565
19.471598,-99.136398,2229.5,58.17,3363186558
19.4717,-99.13629,2230.5,58.1,3364186564
19.471816,-99.136195,2231.8,56.99,3365186560
19.471926,-99.136108,2232.7,55.63,3366186553
19.472033,-99.136021,2232.7,54.99,3367186560
19.472142,-99.135934,2232.9,53.76,3368186553
19.472249,-99.13585,2233.3,51.21,3369186553
19.472345,-99.135773,2233.3,46.8,3370186557
19.472431,-99.1357,2233.3,42.45,3371186558
19.472499,-99.135629,2233.4,38.02,3372186565
19.472545,-99.135553,2233.5,33.19,3373186557
19.472561,-99.135474,2233.2,30.8,3374186566
19.472543,-99.135395,2233.1,31.72,3375186546
19.472487,-99.13533,2232.8,31.85,3376186565
19.472411,-99.135293,2232.3,32.98,3377186565
19.472324,-99.135293,2232,36.39,3378186558
19.472234,-99.135335,2231,37.78,3379186552
19.472151,-99.135394,2231,42.23,3380186565
19.472062,-99.135463,2232.1,42.47,3381186548
19.471968,-99.135538,2233,45.08,3382186552
19.471869,-99.135608,2233.3,43.26,3383186548
19.471779,-99.135673,2233.4,39.84,3384186565
19.471698,-99.135731,2233.8,37.34,3385186553
19.471624,-99.135788,2234.4,36.24,3386186554
19.471556,-99.135849,2235.1,33.78,3387186558
19.471498,-99.135909,2236.1,31.1,3388186546
19.471446,-99.135972,2236.6,32.71,3389186542
19.471393,-99.136049,2237.3,38.8,3390186559
19.471344,-99.136145,2238,43.15,3391186548
19.471308,-99.136255,2238.6,43.34,3392186548
19.471287,-99.136367,2239.2,42.39,3393186548
19.471282,-99.136478,2240,41.04,3394186559
19.471295,-99.136588,2240.8,40.28,3395186565
19.471317,-99.136691,2241.5,39.52,3396186565
19.471349,-99.136797,2242.1,43.47,3397186557
19.471394,-99.136911,2242.7,46.71,3398186558
19.471452,-99.137022,2243.2,47.86,3399186557
19.471525,-99.137128,2243.4,49.74,3400186553
19.471616,-99.137222,2243.2,50.97,3401186558
19.471725,-99.137306,2243.1,52.87,3402186560
19.471846,-99.137378,2243.1,53.6,3403186561
19.471972,-99.137442,2243.2,53.65,3404186566
19.472097,-99.137503,2243.1,53.78,3405186546
19.472223,-99.13756,2242.6,54.28,3406186553
19.472352,-99.137615,2242.2,54.75,3407186557
19.472482,-99.137669,2241.6,54.71,3408186533
19.47261,-99.137725,2240.7,54.76,3409186557
19.472737,-99.137782,2239.8,54.41,3410186546
19.472864,-99.137839,2239.1,54.08,3411186553
19.472989,-99.137896,2238.2,53.43,3412186560
19.47311,-99.13795,2237.2,50.49,3413186557
19.473227,-99.137999,2236.1,49.3,3414186546
19.473344,-99.138045,2235.3,49.28,3415186542
19.47346,-99.138091,2234.9,48.56,3416186546
19.473573,-99.138135,2234.4,47.84,3417186542
19.473686,-99.138179,2234,48.49,3418186545
19.473802,-99.138224,2233.9,49.37,3419186557
19.473918,-99.138271,2233.9,49.6,3420186548
19.474034,-99.138314,2233.9,47.97,3421186542
19.474146,-99.138355,2234,47.19,3422186545
19.47426,-99.138394,2234,48.3,3423186556
19.474378,-99.138435,2234.3,50.04,3424186560
19.4745,-99.138477,2234.4,51.54,3425186542
19.474624,-99.138523,2234.4,51.97,3426186546
19.474747,-99.138569,2234.8,52.08,3427186553
19.474869,-99.138615,2235.1,51.67,3428186557
19.474992,-99.138662,2235.2,52.37,3429186546
19.475116,-99.13871,2235.2,52.58,3430186560
19.475239,-99.138758,2235.4,52.82,3431186558
19.475365,-99.138807,2235.6,53.58,3432186548
19.475491,-99.138856,2235.7,53.43,3433186542
19.475616,-99.138905,2235.7,52.87,3434186558
19.475738,-99.138952,2235.7,50.62,3435186542
19.475853,-99.138996,2235.8,46.99,3436186536
19.475957,-99.139038,2236.1,41.93,3437186542
19.476046,-99.139075,2236.4,35.21,3438186542
19.476118,-99.139105,2236.4,29.19,3439186557
19.476181,-99.139129,2236.5,25.56,3440186560
19.476237,-99.139151,2236.6,22.76,3441186557
19.476286,-99.139171,2236.7,20.46,3442186549
19.47633,-99.139189,2236.6,18.54,3443186553
19.476368,-99.139202,2236.9,15.37,3444186546
19.476397,-99.139214,2237,10.83,3445186557
19.476415,-99.139222,2237.4,8.07,3446186525
19.476424,-99.139227,2237.5,4.3,3447186527
19.476427,-99.13923,2237.4,0.39,3448186535
19.476425,-99.139232,2237.2,0.02,3449186541
19.476424,-99.139232,2237,0.02,3450186524
19.476423,-99.139232,2237.2,0.02,3451186530
19.476422,-99.139231,2237.2,0.07,3452186542
19.476422,-99.139229,2237.4,0,3453186524
19.476422,-99.139229,2237.6,0.02,3454186531
19.476421,-99.139228,2237.7,0,3455186538
19.47642,-99.139227,2237.8,0,3456186527
19.47642,-99.139225,2238,0,3457186523
19.476419,-99.139224,2238.2,0.15,3458186527
19.476419,-99.139223,2238.2,0,3459186525
19.476419,-99.139222,2238.3,0,3460186523
19.476419,-99.139221,2238.5,0,3461186538
19.47642,-99.139221,2238.7,0,3462186523
19.476421,-99.13922,2238.7,0,3463186524
19.476421,-99.139219,2238.7,0.2,3464186546
19.476422,-99.139218,2238.8,0,3465186527
19.476422,-99.139217,2239,0.02,3466186545
19.476422,-99.139216,2239.1,0,3467186538
19.476422,-99.139215,2239.1,0.02,3468186528
19.476422,-99.139214,2239.2,0,3469186538
19.476422,-99.139214,2239.3,0.04,3470186536
19.476421,-99.139213,2239.4,0.02,3471186542
19.47642,-99.139213,2239.4,0.02,3472186545
19.476419,-99.139212,2239.5,0,3473186538
19.476419,-99.139212,2239.6,0.02,3474186530
19.476418,-99.139212,2239.7,0,3475186524
19.476418,-99.139212,2239.6,0,3476186533
19.476417,-99.139211,2239.6,0.02,3477186545
19.476416,-99.139211,2239.7,0,3478186538
19.476415,-99.139211,2239.8,0,3479186524
19.476414,-99.13921,2239.8,0,3480186528
19.476413,-99.13921,2239.8,0,3481186523
19.476412,-99.13921,2239.9,0,3482186526
19.476411,-99.13921,2240,0.02,3483186541
19.47641,-99.13921,2239.9,0,3484186532
19.476409,-99.139211,2239.9,0.02,3485186532
19.476409,-99.139211,2239.9,0,3486186532
19.476409,-99.139212,2240,0.04,3487186526
19.476409,-99.139211,2239.9,0.02,3488186541
19.476409,-99.139211,2239.8,0.02,3489186529
19.47641,-99.13921,2239.8,0.04,3490186535
19.476411,-99.139209,2239.8,0.02,3491186529
19.476412,-99.139208,2239.7,0,3492186526
19.476412,-99.139208,2239.7,0,3493186523
19.476412,-99.139207,2239.6,0.06,3494186532
19.476413,-99.139207,2239.6,0.02,3495186541
19.476413,-99.139206,2239.5,0,3496186532
19.476413,-99.139206,2239.4,0.04,3497186527
19.476415,-99.139207,2239.3,1.59,3498186536
19.476428,-99.139214,2239.4,8.96,3499186542
19.476457,-99.139227,2239.5,15.69,3500186557
19.476504,-99.139245,2239.5,22.54,3501186545
19.476561,-99.139268,2239.3,25.76,3502186549
19.476626,-99.139293,2239.3,27.13,3503186546
19.476695,-99.13932,2239.5,29.22,3504186546
19.476772,-99.139348,2239.4,34.45,3505186553
19.476861,-99.139385,2239.3,39.54,3506186546
19.476954,-99.139427,2239.3,39.35,3507186542
19.477045,-99.13947,2239.4,37.52,3508186542
19.477132,-99.139511,2239.4,37.37,3509186546
19.477222,-99.139553,2239.4,38.78,3510186546
19.477316,-99.139597,2239.3,42.23,3511186542
19.477419,-99.139644,2239.3,44.93,3512186546
19.477524,-99.13969,2239,45.24,3513186541
19.47763,-99.139733,2238.8,43.91,3514186543
19.477731,-99.139775,2238.6,42.43,3515186554
19.477832,-99.139815,2238.5,42.6,3516186546
19.477933,-99.139857,2238.3,42.86,3517186553
19.478031,-99.139898,2238.2,41.41,3518186534
19.478123,-99.13994,2238,37.87,3519186541
19.478203,-99.139983,2237.9,33.71,3520186558
19.478275,-99.140024,2237.7,31.76,3521186542
19.478342,-99.140061,2237.5,29.02,3522186559
19.478398,-99.14009,2237.3,23.11,3523186557
19.478441,-99.140112,2237.2,16.72,3524186557
19.478478,-99.14013,2237.2,16.85,3525186557
19.478517,-99.140152,2237,19.74,3526186545
19.478563,-99.140178,2236.9,22.56,3527186553
19.478615,-99.140205,2236.8,24.37,3528186535
19.47867,-99.140231,2236.8,23.65,3529186558
19.478723,-99.140255,2236.8,22.98,3530186558
19.478779,-99.140279,2236.7,25.71,3531186546
19.478841,-99.140305,2236.6,27.41,3532186557
19.478908,-99.140333,2236.6,29.52,3533186560
19.478979,-99.140366,2236.7,31.98,3534186558
19.47906,-99.140406,2236.7,38.3,3535186557
19.479156,-99.140453,2236.6,44.08,3536186560
19.47926,-99.140501,2236.5,45,3537186553
19.479367,-99.140545,2236.4,46,3538186548
19.479478,-99.140587,2236.2,46.73,3539186558
19.479591,-99.140633,2236.3,48.02,3540186548
19.479709,-99.140681,2236.3,50.56,3541186557
19.479832,-99.140727,2236.2,51.91,3542186546
19.479957,-99.140774,2235.9,52.74,3543186553
19.480083,-99.140821,2235.6,53.1,3544186557
19.480211,-99.140869,2235.3,53.8,3545186557
19.480342,-99.140919,2235.1,54.82,3546186559
19.480474,-99.140968,2235.1,55.45,3547186549
19.480605,-99.141019,2235,55.41,3548186545
19.480737,-99.141068,2234.9,55.25,3549186554
19.480868,-99.141116,2235.1,54.47,3550186546
19.480996,-99.141167,2234.9,53.5,3551186553
19.481123,-99.141214,2234.8,52.62,3552186546
19.48125,-99.141261,2235.1,52.93,3553186553
19.481377,-99.141306,2235.1,53.56,3554186546
19.481503,-99.141357,2234.9,53.95,3555186542
19.48163,-99.141409,2234.8,54.93,3556186546
19.48176,-99.141464,2234.8,56.19,3557186553
19.481895,-99.141517,2234.8,56.69,3558186559
19.482029,-99.141567,2234.8,56.6,3559186558
19.482162,-99.141617,2234.6,55.5,3560186561
19.482291,-99.141668,2234.6,54.45,3561186553
19.48242,-99.141716,2234.8,53.5,3562186557
19.482547,-99.141763,2234.8,53.71,3563186546
19.482673,-99.141811,2234.7,52.95,3564186561
19.482796,-99.141858,2234.7,51.21,3565186557
19.482915,-99.141905,2234.8,50.71,3566186560
19.483035,-99.141953,2234.9,51.21,3567187868
19.483155,-99.142,2234.8,51.21,3568186546
19.483276,-99.142048,2234.7,51.74,3569186554
19.483401,-99.142096,2234.7,54.13,3570186536
19.48353,-99.142149,2234.9,56.17,3571186546
19.483664,-99.142202,2235,57.67,3572186553
19.483801,-99.142257,2234.9,58.75,3573186558
19.483942,-99.142311,2234.8,60.02,3574186557
19.484085,-99.142367,2234.9,60.78,3575186558
19.484228,-99.142422,2234.9,60.02,3576186565
19.484367,-99.142477,2235,58.17,3577186545
19.484502,-99.142531,2235,57.21,3578186557
19.484634,-99.142585,2235.1,55.6,3579186557
19.484761,-99.142637,2235.2,53.54,3580186558
19.484886,-99.142688,2235.3,54.13,3581186542
19.485012,-99.14274,2235.2,54.21,3582186546
19.485137,-99.14279,2235.4,53.15,3583186557
19.485261,-99.142839,2235.4,52.15,3584186542
19.485384,-99.142887,2235.4,51.84,3585186546
19.485505,-99.142936,2235.3,51.71,3586185249
19.485626,-99.142982,2235.2,49.6,3587186553
19.485742,-99.143023,2235.3,49.58,3588186553
19.485859,-99.143061,2235.3,48.97,3589186558
19.485976,-99.1431,2235.3,48.97,3590186546
19.486092,-99.143139,2235.2,48,3591186557
19.486204,-99.143179,2235.3,47.06,3592186536
19.486316,-99.143219,2235.3,47.52,3593186546
19.48643,-99.143257,2235.3,47.3,3594186546
19.486544,-99.143293,2235.3,47.15,3595186542
19.486648,-99.143333,2235.1,42.26,3596186534
19.486741,-99.143371,2235.3,37.52,3597186547
19.486802,-99.143402,2234.6,23.46,3598186546
19.486867,-99.143428,2234.2,27.84,3599186553
19.486944,-99.14346,2234,35.04,3600186564
19.487029,-99.143497,2233.4,35.91,3601186557
19.487118,-99.143537,2232.6,38.93,3602186546
19.487225,-99.143582,2234,46,3603186556
19.487342,-99.143635,2234.5,51.45,3604186545
19.487467,-99.143691,2234.8,54.47,3605186558
19.4876,-99.143747,2235.8,57.37,3606186558
19.48774,-99.14381,2236.1,59.67,3607186558
19.487887,-99.143873,2235.1,63.88,3608186547
19.48804,-99.143937,2235.6,65.12,3609186558
19.4882,-99.144,2236.9,68.23,3610186546
19.488374,-99.144066,2238.1,73.19,3611186546
19.488545,-99.144135,2237.2,72.71,3612186536
19.488719,-99.144204,2237.2,73.88,3613186558
19.488897,-99.144272,2237.2,74.64,3614186553
19.489074,-99.144341,2237.4,74.97,3615186557
19.489251,-99.14441,2237.2,74.8,3616186547
19.489427,-99.144481,2237.1,74.15,3617186546
19.489602,-99.144549,2237.2,73.25,3618186565
19.489777,-99.144615,2237.2,73.65,3619186558
19.489952,-99.144683,2237.5,73.91,3620186546
19.490127,-99.144747,2237.6,73.27,3621186557
19.490301,-99.144812,2237.8,72.99,3622186558
19.490476,-99.144873,2237.8,73.19,3623186542
19.490652,-99.144932,2237.4,73.8,3624186553
19.490829,-99.144991,2237.2,73.6,3625186546
19.491005,-99.145051,2237.1,72.82,3626186542
19.491177,-99.145112,2237.2,71.06,3627186542
19.491344,-99.145173,2237.2,70.38,3628186542
19.49151,-99.145235,2237.1,70.3,3629186557
19.491678,-99.145298,2237.1,71.12,3630186546
19.491845,-99.145362,2237.4,70.82,3631186557
19.492012,-99.145424,2238,71.54,3632186536
19.492181,-99.145486,2239.5,70.56,3633186542
19.492347,-99.145546,2240.8,70.36,3634186536
19.492511,-99.145608,2242.1,68.51,3635186557
19.492671,-99.145668,2243.4,66.78,3636186537
19.492824,-99.145728,2244.6,64.76,3637186542
19.492974,-99.145786,2245.6,62.58,3638186560
19.493117,-99.145842,2246.4,60.49,3639186542
19.493257,-99.145898,2246.7,60.17,3640186546
19.493399,-99.145955,2246.8,61.12,3641186542
19.493543,-99.146012,2246.8,61.76,3642186558
19.493687,-99.14607,2246.7,61.76,3643186542
19.493831,-99.146127,2246.7,61.54,3644186542
19.493973,-99.146184,2246.6,60.8,3645186557
19.494113,-99.14624,2246.1,59.45,3646186565
19.494252,-99.146295,2245.4,59.15,3647186565
19.494392,-99.14635,2244.5,60.34,3648186547
19.494535,-99.146408,2243.4,61.89,3649186559
19.494682,-99.146468,2242.2,63.45,3650186543
19.494833,-99.146531,2241.1,65.25,3651186558
19.494988,-99.146595,2240,67.28,3652186565
19.495146,-99.14666,2238.9,67.65,3653186557
19.495304,-99.146726,2238.1,67.58,3654186569
19.495462,-99.146793,2237.7,67.49,3655186557
19.495618,-99.14686,2237.5,65.93,3656186569
19.495769,-99.146923,2237.5,63.78,3657186547
19.495913,-99.146984,2237.4,60.49,3658186553
19.49605,-99.147041,2237.4,57.25,3659186542
19.496181,-99.147097,2237.4,56.32,3660186565
19.496311,-99.147151,2237.4,55.58,3661186565
19.496439,-99.147206,2237.3,55.12,3662186565
19.496566,-99.147256,2237.2,54.36,3663186546
19.496691,-99.147302,2237.1,51.97,3664186560
19.496814,-99.147345,2237.3,52.32,3665186546
19.496937,-99.147384,2237.4,50.91,3666186548
19.497056,-99.147424,2237.5,49.3,3667186542
19.49717,-99.147462,2237.3,47.65,3668186542
19.497282,-99.147498,2237.2,47.39,3669186549
19.4974,-99.147533,2237.2,50.3,3670186565
19.497527,-99.147567,2237.1,54.26,3671186557
19.497665,-99.1476,2237.1,57.19,3672186554
19.497805,-99.147636,2237.1,57.65,3673186565
19.497943,-99.147674,2237.2,56.15,3674186548
19.498075,-99.147715,2237,53.28,3675186545
19.498192,-99.147753,2237,43.91,3676186559
19.498289,-99.147784,2236.1,37.84,3677186553
19.498368,-99.147797,2235.1,28.8,3678186554
19.498427,-99.1478,2235.8,18.52,3679186559
19.498463,-99.147792,2235.9,13.7,3680186548
19.498493,-99.147779,2235.7,13.28,3681186565
19.49853,-99.147764,2235.8,18.63,3682186565
19.498577,-99.147742,2236,22.58,3683186558
19.498634,-99.147719,2236.2,25.34,3684186542
19.498699,-99.1477,2236.3,27.59,3685186558
19.498771,-99.147682,2236.6,29.11,3686186553
19.498842,-99.147665,2236.7,28.24,3687186566
19.498909,-99.147643,2236.8,27.5,3688186560
19.498971,-99.147619,2236.9,24.91,3689186565
19.499024,-99.147597,2237,20.3,3690186564
19.499063,-99.147579,2237.1,14.98,3691186561
19.499091,-99.147569,2237.1,9.95,3692186546
19.499106,-99.14756,2236.9,6.07,3693186531
19.499113,-99.147556,2237,3.43,3694186530
19.499112,-99.147549,2237.4,0.7,3695186532
19.499113,-99.147546,2237.6,3.2,3696186546
19.49912,-99.147536,2237.6,6.96,3697186535
19.499127,-99.147516,2237.4,10.33,3698186569
19.499125,-99.147484,2237.5,14,3699186559
19.499109,-99.147442,2237.6,17.85,3700186565
19.499085,-99.147393,2237.4,24.11,3701186553
19.499052,-99.147329,2237.2,29.13,3702186560
19.499019,-99.147261,2236.8,28.39,3703186557
19.498986,-99.147189,2236.6,30.08,3704186565
19.498951,-99.147112,2236.6,31.48,3705186557
19.498915,-99.147031,2236.7,33.13,3706186549
19.49888,-99.146946,2236.8,34.5,3707186557
19.498843,-99.146857,2236.3,34.76,3708186549
19.498806,-99.146773,2235.8,35.28,3709186565
19.498768,-99.146687,2235.2,36.28,3710186553
19.49873,-99.1466,2234.8,35.84,3711186559
19.498697,-99.146515,2234.8,33.02,3712186546
19.498667,-99.146433,2235.2,31.5,3713186560
19.498638,-99.146356,2235.1,30.35,3714186553
19.498609,-99.146282,2235.2,30.41,3715186557
19.49858,-99.146208,2235.4,29.91,3716186549
19.498553,-99.14614,2235.8,25.91,3717186560
19.498522,-99.146083,2236.1,23.95,3718186561
19.498492,-99.146026,2236.6,23.96,3719186557
19.498466,-99.145965,2237.1,25.39,3720186553
19.498445,-99.1459,2238.6,24.84,3721186560
19.498424,-99.145834,2238.4,26.97,3722186548
19.498409,-99.145766,2237.7,26.3,3723186565
19.498393,-99.145687,2237.6,30.37,3724186558
19.498369,-99.145603,2237.2,32.48,3725186554
19.498338,-99.145515,2237.3,36.97,3726186560
19.498286,-99.145424,2237.3,38.47,3727186557
19.498241,-99.145331,2237.4,42.17,3728186546
19.498195,-99.145223,2237.5,44.26,3729186557
19.498152,-99.145112,2237.2,46.61,3730186546
19.498105,-99.144994,2237.1,48.5,3731186557
19.498056,-99.144873,2236.9,49.62,3732186560
19.498006,-99.14475,2237.3,50.13,3733186557
19.497955,-99.144629,2237.1,49.28,3734186557
19.497906,-99.14451,2237.2,47.63,3735186557
19.497857,-99.144398,2237.4,44.86,3736186547
19.49781,-99.144296,2237.7,40.84,3737186558
19.497765,-99.144206,2237.9,36.21,3738186546
19.497726,-99.144127,2238.3,32.54,3739186546
19.497689,-99.144058,2238,28.43,3740186560
19.497661,-99.143999,2238,22.76,3741186546
19.497643,-99.143955,2238.1,15.52,3742186553
19.497631,-99.143927,2238.1,9.83,3743186532
19.497623,-99.143908,2238.2,7.69,3744186531
19.497615,-99.143892,2238,7.95,3745186533
19.497605,-99.143869,2238,12.11,3746186545
19.49759,-99.143833,2237.5,18.65,3747186557
19.497568,-99.143784,2237.4,22.46,3748186553
19.497539,-99.143729,2237.4,25.11,3749186553
19.497513,-99.143674,2237.4,22.11,3750186546
19.497488,-99.143612,2237.4,27,3751186557
19.49746,-99.143544,2236.8,26.15,3752186565
19.497435,-99.143481,2236.3,24.54,3753186553
19.497418,-99.143425,2235.6,20.83,3754186546
19.497413,-99.143377,2236.1,16.11,3755186553
19.497419,-99.14334,2234.6,15.2,3756186546
19.497437,-99.143317,2233.3,9.82,3757186531
19.49746,-99.143305,2233.8,10.63,3758186558
19.497484,-99.143287,2235.1,11.06,3759186557
19.497511,-99.143271,2235.9,11.52,3760186557
19.497534,-99.143259,2235.9,9.22,3761186531
19.497553,-99.14325,2236.3,7.59,3762186533
19.497569,-99.143253,2236,5.07,3763186532
19.497581,-99.143254,2236,4.28,3764186524
19.497598,-99.143257,2236.5,8.61,3765186532
19.497621,-99.143264,2236.8,10.87,3766186561
19.497645,-99.143283,2236.9,13.04,3767186558
19.49767,-99.143314,2236.9,16.65,3768186565
19.497694,-99.143357,2237,19.17,3769186542
19.497715,-99.143403,2237.1,18.63,3770186547
19.497735,-99.143446,2236.9,16.71,3771186553
19.497751,-99.143479,2236.7,11.59,3772186546
19.497768,-99.1435,2236.9,9.24,3773186533
19.497785,-99.143517,2237,6.52,3774186535
19.497795,-99.143536,2236.9,6.37,3775186528
19.497802,-99.143559,2236.9,5.54,3776186530
19.497806,-99.143568,2237,1.39,3777186527
19.49781,-99.143573,2237.3,0.98,3778186535
19.497806,-99.143572,2237.4,4.32,3779186533
19.497803,-99.143562,2237.6,4.28,3780186535
19.497803,-99.143559,2238.3,2.8,3781186542
19.497801,-99.143548,2238.6,2.8,3782186532
19.497799,-99.143539,2238.7,1.67,3783186527
19.497798,-99.143533,2239.3,0.31,3784186531
19.497797,-99.143531,2239.5,0.02,3785186541
19.497796,-99.14353,2239.9,0.02,3786186546
19.497794,-99.14353,2240.1,0.02,3787186545
19.497792,-99.143528,2240.3,0.31,3788186541
19.497791,-99.143527,2240.1,0.06,3789186532
19.497791,-99.143528,2240.4,0,3790186529
19.497792,-99.143527,2240.8,0.02,3791186542
19.497793,-99.143527,2241,0,3792186521
19.497793,-99.143527,2241.1,0.04,3793186541
19.497791,-99.143526,2241,0.02,3794186529
19.497791,-99.143526,2241,0.09,3795186533
19.497789,-99.143525,2241,0.06,3796186545
19.497788,-99.143525,2240.9,0,3797186528
19.497787,-99.143525,2240.9,0.06,3798186533
19.497785,-99.143525,2240.8,0.06,3799186530
19.497783,-99.143525,2240.8,0.06,3800186541
19.497782,-99.143525,2240.8,0,3801186529
19.497782,-99.143526,2241.1,0.02,3802186545
19.497785,-99.143527,2241.6,0,3803186538
19.497786,-99.143528,2241.7,0.04,3804186531
19.497787,-99.143528,2241.7,0,3805186530
19.497788,-99.143528,2241.9,0.02,3806186532
19.497791,-99.143529,2241.8,0,3807186525
19.497792,-99.143529,2241.6,0.06,3808186541
19.497793,-99.143529,2241.4,0.06,3809186531
19.497795,-99.143531,2241.1,0.07,3810186541
19.497797,-99.143531,2241,0.04,3811186532
19.497798,-99.143532,2240.8,0.11,3812186535
19.497799,-99.143532,2240.6,0.02,3813186530
19.497801,-99.143532,2240.5,0,3814186528
19.497802,-99.143532,2240.6,0,3815186538
19.497803,-99.143531,2240.7,0.02,3816186541
19.497804,-99.143531,2240.8,0.06,3817186531
19.497805,-99.143532,2241,0.04,3818186540
19.497807,-99.143533,2241.3,0,3819186527
19.497807,-99.143533,2241.4,0,3820186542
19.497808,-99.143534,2241.5,0.02,3821186530
19.497809,-99.143534,2241.7,0,3822186533
19.497809,-99.143534,2241.9,0.04,3823186541
19.497809,-99.143534,2242,0.02,3824186541
19.497809,-99.143533,2242,0.02,3825186527
19.497809,-99.143532,2241.9,0,3826186528
19.497809,-99.143531,2241.9,0.02,3827186546
19.497809,-99.143528,2241.9,0.02,3828186545
19.497808,-99.143528,2242,0.06,3829186527
19.497806,-99.143527,2242,0.06,3830186536
19.497804,-99.143527,2242,0,3831186537
19.497802,-99.143527,2242,0.06,3832186545
19.497799,-99.143527,2242,0.02,3833186528
19.497798,-99.143526,2242,0.02,3834186545
19.497797,-99.143524,2241.9,0.06,3835186542
19.497798,-99.143523,2241.8,0.07,3836186541
19.497798,-99.143519,2241.4,0.02,3837186541
19.497799,-99.143518,2241.3,0.06,3838186546
19.4978,-99.143517,2241.1,0.04,3839186541
19.4978,-99.143517,2241,0,3840186526
19.4978,-99.143518,2240.9,0.02,3841186527
19.4978,-99.143519,2240.8,0.15,3842186532
19.497801,-99.14352,2240.8,0.02,3843186531
19.497803,-99.143521,2240.9,0.02,3844186533
19.497805,-99.143522,2241,0.02,3845186540
19.497807,-99.143522,2241,0.04,3846186536
19.497809,-99.143522,2241.1,0,3847186538
19.497812,-99.143523,2241.2,0.02,3848186531
19.497815,-99.143522,2241.3,0.02,3849186530
19.497816,-99.143521,2241.5,0,3850186531
19.497817,-99.143521,2241.6,0,3851186538
19.497818,-99.143521,2241.7,0.04,3852186534
19.497818,-99.143521,2241.8,0.02,3853186533
19.497818,-99.143522,2241.9,0,3854186532
19.497818,-99.143522,2241.9,0,3855186524
19.497818,-99.143522,2242.1,0.02,3856186530
19.497818,-99.143521,2242.3,0.04,3857186528
19.497818,-99.14352,2242.5,0,3858186527
19.497818,-99.14352,2242.7,0.06,3859186546
19.497817,-99.143521,2242.9,0.04,3860186541
19.497817,-99.143522,2243.2,0.04,3861186528
19.497817,-99.143523,2243.2,0.04,3862186526
19.497816,-99.143523,2243.2,0.04,3863186528
19.497816,-99.143523,2243.2,0.04,3864186534
19.497816,-99.143523,2243.2,0.02,3865186541
19.497817,-99.143522,2243.2,0.04,3866186525
19.497817,-99.143523,2243.2,0.07,3867186532
19.497816,-99.143524,2243,0.07,3868186536
19.497814,-99.143524,2242.8,0.06,3869186529
19.497814,-99.143526,2242.6,0.04,3870186532
19.497812,-99.143527,2242.6,0.04,3871186542
19.497811,-99.143529,2242.7,0.24,3872186531
19.49781,-99.143529,2242.8,0.04,3873186541
19.49781,-99.14353,2243,0.09,3874186535
19.497809,-99.143529,2243.3,0.04,3875186532
19.497808,-99.143528,2243.6,0.04,3876186532
19.497807,-99.143527,2243.9,0.04,3877186545
19.497806,-99.143525,2244.2,0.02,3878186532
19.497806,-99.143525,2244.3,0,3879186529
19.497805,-99.143525,2244.4,0.02,3880186533
19.497804,-99.143525,2244.6,0,3881186525
19.497804,-99.143525,2244.8,0.02,3882186534
19.497803,-99.143525,2245,0.04,3883186545
19.497803,-99.143525,2245,0.17,3884187849
19.497803,-99.143526,2245,0,3885186521
19.497803,-99.143527,2245.3,0.02,3886186561
19.497804,-99.143528,2245.5,0,3887186526
19.497805,-99.143527,2245.6,0.02,3888186542
19.497805,-99.143526,2245.7,0,3889186526
19.497806,-99.143524,2245.9,0.04,3890186542
19.497807,-99.143523,2245.9,0.02,3891186525
19.497808,-99.143523,2245.6,0.02,3892186545
19.497808,-99.143522,2245.4,0.04,3893186525
19.49781,-99.143521,2245.4,1.56,3894186546
19.497811,-99.143522,2245.2,0,3895186529
19.49781,-99.143523,2244.9,0,3896186550
19.497809,-99.143525,2244.7,0.04,3897186532
19.497809,-99.143526,2244.5,0.02,3898186559
19.497808,-99.143527,2244.3,0.04,3899186524
19.497808,-99.143528,2244.1,0.04,3900186553
19.497806,-99.14353,2243.8,0.02,3901186532
19.497805,-99.143532,2243.6,0.02,3902186546
19.497805,-99.143534,2243.5,0,3903186521
19.497804,-99.143536,2243.3,0.02,3904186557
19.497802,-99.143536,2243,0.02,3905186531
19.4978,-99.143537,2242.9,0.02,3906186565
19.497799,-99.143538,2242.8,0,3907186522
19.497797,-99.14354,2242.5,0.02,3908186564
19.497798,-99.143542,2242.2,0,3909186527
19.497798,-99.143543,2242,0,3910186544
19.497798,-99.143545,2241.9,0,3911186527
19.497798,-99.143547,2241.7,0,3912186544
19.497797,-99.14355,2241.5,0.02,3913186533
19.497797,-99.143552,2241.5,0.04,3914186541
19.497796,-99.143553,2241.6,0.04,3915186524
19.497796,-99.143553,2241.7,0.02,3916186552
19.497795,-99.143553,2241.6,0,3917186529
19.497795,-99.143554,2241.5,0,3918186549
19.497795,-99.143553,2241.6,0,3919186522
19.497793,-99.143552,2241.6,0,3920186550
19.497792,-99.143551,2241.4,0.02,3921186532
19.497792,-99.143552,2241.3,0.02,3922186560
19.497792,-99.143552,2241.2,0.02,3923186529
19.49779,-99.143551,2241.1,0.02,3924186565
19.49779,-99.14355,2240.9,0.02,3925186525
19.49779,-99.14355,2240.7,0.06,3926186542
19.497791,-99.143549,2240.5,0.06,3927186533
19.497792,-99.143548,2240.4,0.07,3928186547
19.497792,-99.143547,2240.4,0.06,3929186530
19.497792,-99.143546,2240.1,0.04,3930186541
19.497791,-99.143545,2239.8,0.04,3931186529
19.497791,-99.143544,2239.6,0.02,3932186546
19.49779,-99.143542,2239.6,0.02,3933186525
19.497791,-99.14354,2239.5,0.02,3934185256
19.497791,-99.143539,2239.4,0.02,3935186526
19.49779,-99.143538,2239.3,0.02,3936186541
19.497789,-99.143538,2239.2,0.04,3937186534
19.497788,-99.143538,2239.1,0.02,3938186546
19.497787,-99.143537,2238.8,0.02,3939186535
19.497787,-99.143537,2238.8,0.02,3940186546
19.497786,-99.143538,2238.8,0.02,3941186532
19.497787,-99.143538,2238.9,0,3942186550
19.497787,-99.143538,2239,0,3943186521
19.49779,-99.143538,2239,0.02,3944186559
19.497793,-99.143537,2239.4,0,3945186528
19.497795,-99.143535,2239.6,0.02,3946186542
19.497796,-99.143532,2239.8,0,3947186526
19.497797,-99.143529,2240,0,3948186549
19.497799,-99.143526,2240.1,0,3949186522
19.497802,-99.143524,2240.6,0,3950186542
19.497803,-99.143523,2241,0.02,3951186524
19.497803,-99.143522,2241.3,0,3952186544
19.497804,-99.14352,2241.7,0,3953186521
19.497804,-99.143519,2242,0,3954186537
19.497805,-99.143518,2242.3,0.02,3955186524
19.497805,-99.143517,2242.5,0.04,3956186552
19.497805,-99.143516,2242.7,0,3957186529
19.497805,-99.143514,2242.8,0.04,3958186553
19.497805,-99.143513,2243,0,3959186529
19.497805,-99.143512,2243.3,0,3960186549
19.497805,-99.143512,2243.6,0.04,3961186524
19.497806,-99.143511,2243.9,0,3962186538
19.497806,-99.143509,2244,0,3963186525
19.497806,-99.14351,2244.1,0,3964186538
19.497804,-99.143511,2244.3,0,3965186527
19.497803,-99.143511,2244.6,0,3966186539
19.497803,-99.143511,2244.7,0.02,3967186524
19.497802,-99.143512,2244.7,0.02,3968186546
19.497802,-99.143513,2244.7,0,3969186521
19.497802,-99.143513,2244.6,0.06,3970186542
19.497802,-99.143513,2244.4,0.02,3971186524
19.497802,-99.143514,2244.2,0,3972186549
19.497802,-99.143516,2243.9,0.02,3973186529
19.497802,-99.143517,2243.8,0,3974186539
19.497803,-99.143516,2243.6,0.02,3975186529
19.497803,-99.143516,2243.4,0,3976186538
19.497803,-99.143516,2243.1,0.02,3977186536
19.497804,-99.143518,2242.9,0.04,3978186541
19.497804,-99.14352,2242.6,0,3979186521
19.497804,-99.143523,2242.1,0.02,3980186560
19.497802,-99.143525,2241.6,0,3981186526
19.4978,-99.143528,2241.4,0.02,3982186546
19.497799,-99.143529,2241.1,0,3983186529
19.497798,-99.14353,2240.9,0.02,3984186541
19.497798,-99.143532,2240.7,0.02,3985186535
19.497797,-99.143533,2240.6,0,3986186544
19.497795,-99.143535,2240.4,0,3987186522
19.497793,-99.143536,2240.2,0.02,3988186565
19.497791,-99.143536,2240,0,3989186528
19.497788,-99.143536,2240,0.02,3990186565
19.497787,-99.143536,2240,0.02,3991186534
19.497785,-99.143538,2239.9,0.02,3992186553
19.497784,-99.143538,2239.8,0,3993186522
19.497783,-99.143539,2239.6,0,3994186538
19.497782,-99.143539,2239.5,0.02,3995186524
19.497781,-99.143539,2239.3,0.04,3996186546
19.497781,-99.143539,2239.2,0.02,3997186535
19.497781,-99.143539,2239.1,0.02,3998186547
19.497782,-99.14354,2239.1,0,3999186529
19.497784,-99.143541,2239.1,0.02,4000186546
19.497785,-99.143543,2239.1,0.02,4001186530
19.497786,-99.143544,2239.1,0.04,4002186546
19.497786,-99.143545,2239.2,0.02,4003186524
19.497785,-99.143545,2239.4,0.02,4004186546
19.497785,-99.143545,2239.4,0,4005186522
19.497786,-99.143546,2239.5,0,4006186538
19.497787,-99.143546,2239.5,0.02,4007186529
19.497787,-99.143547,2239.5,0,4008186539
19.497789,-99.143549,2239.4,0.02,4009186528
19.49779,-99.14355,2239.4,0.02,4010186546
19.497791,-99.143551,2239.4,0.02,4011186541
19.497792,-99.143549,2239.5,0.02,4012186564
19.497792,-99.143548,2239.6,0.02,4013186529
19.497792,-99.143547,2239.8,0.02,4014186541
19.497792,-99.143545,2239.9,0,4015186524
19.49779,-99.143543,2240.2,0,4016186550
19.497788,-99.143542,2240.3,0.04,4017186541
19.497787,-99.14354,2240.4,0,4018186561
19.497786,-99.143536,2240.5,0.02,4019186541
19.497786,-99.143533,2240.6,0,4020186543
19.497786,-99.14353,2240.7,0.02,4021186542
19.497785,-99.143528,2240.7,0,4022186543
19.497785,-99.143526,2240.7,0,4023186522
19.497785,-99.143525,2240.7,0,4024186549
19.497785,-99.143523,2240.8,0,4025186522
19.497783,-99.143522,2240.8,0.02,4026186547
19.497783,-99.143521,2240.7,0,4027186521
19.497784,-99.14352,2240.7,0,4028186544
19.497785,-99.143519,2240.8,0.02,4029186524
19.497785,-99.143518,2240.8,0,4030186544
19.497785,-99.143517,2240.8,0.02,4031186534
19.497785,-99.143516,2241,0,4032186538
19.497785,-99.143515,2241.3,0,4033186527
19.497786,-99.143514,2241.5,0,4034186538
19.497786,-99.143512,2241.7,0.02,4035186529
19.497786,-99.143512,2241.7,0,4036186538
19.497787,-99.143512,2241.9,0,4037186522
19.497788,-99.143512,2242,0,4038186542
19.497788,-99.143513,2242,0.02,4039186524
19.497788,-99.143514,2242.1,0.02,4040186565
19.497788,-99.143516,2242.3,0,4041186525
19.497786,-99.143517,2242.5,0.02,4042186560
19.497784,-99.143518,2242.6,0.02,4043186532
19.497782,-99.143519,2242.5,0.02,4044186552
19.497781,-99.143521,2242.5,0.02,4045186523
19.49778,-99.143522,2242.6,0,4046186543
19.497779,-99.143523,2242.6,0.02,4047186532
19.497778,-99.143523,2242.6,0.02,4048186560
19.497776,-99.143523,2242.6,0.02,4049186527
19.497775,-99.143522,2242.7,0,4050186554
19.497774,-99.143522,2242.8,0,4051186527
19.497773,-99.143521,2242.8,0,4052186538
19.497772,-99.14352,2242.7,0,4053186528
19.497772,-99.143518,2242.6,0.02,4054186557
19.497773,-99.143517,2242.5,0,4055186520
19.497774,-99.143516,2242.4,0,4056186544
19.497775,-99.143515,2242.2,0.02,4057186532
19.497777,-99.143514,2242.1,0,4058186538
19.497779,-99.143513,2242.1,0,4059186527
19.497778,-99.143514,2242.1,0,4060186532
19.497778,-99.143516,2242.1,0.06,4061186524
19.497777,-99.143517,2242.1,0,4062186554
19.497777,-99.143518,2242.1,0,4063186527
19.497776,-99.143519,2242.1,0,4064186544
19.497775,-99.143519,2242.1,0,4065186524
19.497775,-99.143519,2242.2,0,4066186542
19.497774,-99.14352,2242.3,0.02,4067186527
19.497773,-99.14352,2242.3,0,4068186532
19.497773,-99.143522,2242.2,0.02,4069186523
19.497773,-99.143522,2242.2,0,4070186539
19.497772,-99.143522,2242.3,0,4071186520
19.497772,-99.143522,2242.4,0.02,4072186541
19.497772,-99.143522,2242.5,0,4073186520
19.497772,-99.143523,2242.6,0,4074186543
19.497773,-99.143523,2242.6,0,4075186522
19.497774,-99.143524,2242.4,0.02,4076186541
19.497776,-99.143524,2242,0,4077186520
19.497777,-99.143524,2241.7,0,4078186538
19.497777,-99.143523,2241.5,0,4079186530
19.497778,-99.143523,2241.3,0,4080186544
19.497778,-99.143522,2241,0.02,4081186533
19.49778,-99.143521,2240.7,0.04,4082186541
19.497781,-99.14352,2240.5,0.04,4083186522
19.497784,-99.14352,2240.3,0,4084186533
19.497785,-99.143521,2240.1,0,4085186524
19.497786,-99.143522,2240,0.02,4086186564
19.497788,-99.143522,2240.1,0,4087186527
19.497788,-99.143522,2240,0,4088186542
19.497789,-99.143522,2239.8,0.02,4089186525
19.497788,-99.143523,2239.7,0.09,4090186548
19.497787,-99.143524,2239.5,0.06,4091186524
19.497786,-99.143526,2239.5,0.06,4092186541
19.497785,-99.143526,2239.4,0.02,4093186525
19.497784,-99.143525,2239.3,0.02,4094186565
19.497783,-99.143524,2239.2,0.02,4095186525
19.497782,-99.143523,2239.1,0.02,4096186541
19.497782,-99.143522,2239,0.02,4097186524
19.497783,-99.143522,2238.8,0.02,4098186558
19.497784,-99.143522,2238.4,0.02,4099186536
19.497785,-99.14352,2238.3,0,4100186538
19.497787,-99.143517,2238.2,0,4101186529
19.497788,-99.143517,2237.9,0.02,4102186541
19.497789,-99.143517,2237.7,0.06,4103186530
19.49779,-99.143517,2237.4,0.02,4104186560
19.497791,-99.143517,2237.3,0,4105186525
19.497792,-99.143517,2237.2,0.02,4106186559
19.497794,-99.143517,2237,0,4107186527
19.497797,-99.143517,2236.9,0.02,4108186560
19.497798,-99.143517,2236.7,0,4109186528
19.4978,-99.143517,2236.7,0,4110186538
19.497802,-99.143517,2236.7,0,4111186526
19.497803,-99.143517,2236.7,0.02,4112186541
19.497804,-99.143517,2236.7,0,4113186521
19.497805,-99.143517,2236.7,0,4114186550
19.497806,-99.143516,2236.8,0,4115186538
19.497807,-99.143515,2237,0.02,4116186552
19.497808,-99.143514,2237.2,0.02,4117186547
19.497808,-99.143514,2237.2,0.02,4118186565
19.497808,-99.143514,2237.3,0.02,4119186541
19.497808,-99.143514,2237.4,0.02,4120186565
19.497808,-99.143514,2237.5,0,4121186538
19.497808,-99.143513,2237.8,0.02,4122186565
19.497808,-99.143512,2237.9,0,4123186543
19.497807,-99.143511,2237.9,0,4124186542
19.497806,-99.14351,2237.9,0,4125186531
19.497805,-99.14351,2237.9,0.02,4126186541
19.497804,-99.143509,2237.9,0.02,4127186534
19.497804,-99.143508,2238,0.04,4128186552
19.497803,-99.143508,2238.1,0.02,4129186541
19.497802,-99.143508,2238.2,0,4130186538
19.497801,-99.143509,2238.3,0,4131186539
19.497801,-99.143509,2238.4,0.04,4132186554
19.4978,-99.143509,2238.6,0.02,4133186536
19.4978,-99.14351,2238.7,0,4134186550
19.497799,-99.14351,2238.9,0.04,4135186528
19.497799,-99.143511,2239.1,0.04,4136186553
19.497798,-99.143511,2239.2,0,4137186539
19.497797,-99.143512,2239.4,0.02,4138186546
19.497796,-99.143512,2239.5,0,4139186538
19.497795,-99.143512,2239.5,0.02,4140186545
19.497794,-99.143512,2239.4,0,4141186544
19.497792,-99.143512,2239.3,0.02,4142186548
19.49779,-99.143513,2239.1,0,4143186538
19.497788,-99.143514,2238.8,0,4144186550
19.497787,-99.143515,2238.5,0,4145186539
19.497787,-99.143518,2238.1,0.98,4146186548
19.49779,-99.143527,2238.1,4.96,4147186535
19.4978,-99.143551,2238.2,14.67,4148186566
19.497818,-99.143599,2238.3,21.96,4149186558
19.49784,-99.143657,2238.2,23.72,4150186569
19.497867,-99.14372,2238,26.63,4151186569
19.497896,-99.143788,2238,28.54,4152186576
19.497928,-99.143861,2238.1,31.1,4153186547
19.497961,-99.143949,2237.9,37.26,4154186569
19.498,-99.144049,2237.7,42.17,4155186557
19.498045,-99.144159,2237.9,45.63,4156186570
19.498089,-99.144276,2238,48.02,4157186556
19.498136,-99.144399,2238.3,49.47,4158186565
19.498171,-99.144513,2238.7,39.41,4159186549
19.498214,-99.144628,2240.7,49.69,4160186572
19.498266,-99.14476,2240.8,52.86,4161186569
19.498327,-99.144903,2240.5,54.99,4162186572
19.498387,-99.145043,2239.7,54.71,4163186558
19.498445,-99.145177,2239.8,50.5,4164186577
19.498503,-99.145308,2241,51,4165186545
19.498558,-99.145435,2241.3,48.37,4166186557
19.498611,-99.145558,2240.9,48.76,4167186554
19.498661,-99.145677,2240.3,46.21,4168186569
19.49871,-99.145792,2240.3,44.47,4169186558
19.498754,-99.1459,2239.8,40.6,4170186576
19.498796,-99.146,2239.3,40.43,4171186553
19.498835,-99.146098,2239.4,39.45,4172186570
19.498882,-99.146205,2239.6,44.99,4173186549
19.498933,-99.146319,2239.3,47.02,4174186569
19.498982,-99.146429,2239.3,44.17,4175186546
19.499025,-99.14653,2239.2,39.84,4176186569
19.499058,-99.146611,2239.2,30.06,4177186554
19.499079,-99.146668,2239.3,19.41,4178186565
19.499094,-99.146708,2239.2,14.28,4179186557
19.499107,-99.14674,2239.2,10.52,4180186569
19.499111,-99.146759,2239.7,5.48,4181186546
19.499117,-99.146773,2240.5,2.17,4182186552
19.499118,-99.146781,2240.2,1.3,4183186546
19.499122,-99.146788,2240.2,2.65,4184186546
19.499125,-99.146793,2239.4,3.96,4185186535
19.49913,-99.146803,2239.6,5.65,4186186542
19.499135,-99.146817,2239.9,5.85,4187186541
19.499138,-99.146837,2239.9,8.26,4188186557
19.499136,-99.146864,2240,11.28,4189186545
19.499124,-99.146896,2240.1,14.26,4190186565
19.499097,-99.146924,2240.1,15.87,4191186546
19.499063,-99.146949,2240.1,15.45,4192186558
19.499029,-99.146967,2240.4,15.5,4193186565
19.498994,-99.146974,2240.3,12.15,4194186546
19.498959,-99.14697,2240.2,13.35,4195186547
19.498925,-99.14695,2240.2,17.52,4196186565
19.498891,-99.146907,2240.3,23.34,4197186566
19.498857,-99.14685,2240,26.32,4198186568
19.49882,-99.146783,2239.6,29.82,4199186548
19.498785,-99.146707,2239.4,33,4200186557
19.498749,-99.146622,2239.2,35.47,4201186546
19.498712,-99.146531,2239.1,37.1,4202186557
19.498674,-99.146438,2238.7,38.47,4203186546
19.498635,-99.146341,2238.3,39.98,4204186569
19.498596,-99.146241,2237.9,40.5,4205187879
19.498563,-99.146136,2237.5,41.6,4206186546
19.498528,-99.146026,2236.8,42.71,4207186571
19.498489,-99.145919,2236.4,42.54,4208186565
19.498451,-99.145812,2235.7,42.82,4209186569
19.498414,-99.145703,2234.8,42.67,4210186542
19.498371,-99.145596,2233.7,43.11,4211186546
19.498328,-99.145489,2235,41.89,4212186546
19.498281,-99.145386,2234.7,43.24,4213186548
19.498233,-99.145278,2234.3,45.43,4214186546
19.498187,-99.145163,2233.9,46.69,4215186557
19.498138,-99.145045,2234.3,47.02,4216186565
19.498089,-99.144929,2234.3,47.39,4217186553
19.498042,-99.144813,2234.5,47.37,4218186557
19.497993,-99.144699,2233.9,47.58,4219186569
19.497946,-99.144581,2234,47.36,4220186559
19.497898,-99.144466,2234.2,46.43,4221186569
19.497849,-99.144357,2234.2,43.99,4222186553
19.497805,-99.144258,2234.2,38.84,4223186566
19.497766,-99.144172,2234.1,33.15,4224186548
19.497732,-99.144099,2234,29.04,4225186552
19.497706,-99.144037,2234.1,23.67,4226186560
19.497683,-99.143988,2234.3,18.52,4227186569
19.497666,-99.143948,2234.1,15.24,4228186565
19.497654,-99.143915,2234.1,12.67,4229186569
19.49764,-99.143884,2233.7,13.98,4230186565
19.497621,-99.143845,2233.5,19.54,4231186565
19.497597,-99.14379,2233.7,24.45,4232186565
19.497574,-99.143731,2233.7,24.21,4233186571
19.497545,-99.143664,2233.6,27.84,4234186553
19.497509,-99.143596,2233.7,30.19,4235186569
19.49747,-99.14353,2233.4,25.95,4236186559
19.49744,-99.143476,2233.3,21.22,4237186553
19.497409,-99.143419,2232.9,26.74,4238186546
19.497373,-99.143352,2232.2,30,4239186577
19.497334,-99.143273,2231.2,37.67,4240186536
19.497286,-99.143173,2230.1,43.65,4241186569
19.497233,-99.143062,2229,47.39,4242186546
19.497173,-99.142937,2230.2,52.23,4243186569
19.497112,-99.14281,2230.1,53.28,4244186553
19.497053,-99.14268,2230.3,54.06,4245186565
19.496992,-99.142547,2229.6,56.63,4246186565
19.496928,-99.142406,2230.1,56.86,4247186572
19.496867,-99.14227,2230,56.25,4248186552
19.496804,-99.142135,2230.4,56.73,4249186553
19.496739,-99.141998,2230.7,55.6,4250186565
19.496676,-99.141864,2231.3,54.36,4251186572
19.496616,-99.141732,2231.7,54.25,4252186565
19.496558,-99.1416,2232.4,53.91,4253186557
19.496502,-99.14147,2232.9,52.02,4254186560
19.496453,-99.14135,2233.2,46.91,4255186553
19.496409,-99.141247,2233.1,40.89,4256186557
19.496361,-99.141153,2232.4,41.41,4257186546
19.49631,-99.141057,2232.7,42.52,4258186565
19.496259,-99.140961,2232.7,40.58,4259186569
19.496216,-99.140874,2233.1,33.34,4260186546
19.496185,-99.140806,2234.4,26.15,4261186569
19.496162,-99.140751,2234.7,19.71,4262186558
19.496151,-99.140715,2235.1,11.96,4263186570
19.496144,-99.140688,2236.3,10.17,4264186546
19.49614,-99.140656,2236.8,14.98,4265186571
19.49615,-99.140613,2237.7,18.96,4266186558
19.496174,-99.140565,2237.4,20.95,4267186572
19.496209,-99.140522,2237.7,20.3,4268186565
19.496248,-99.140489,2237.7,18.19,4269186565
19.496285,-99.140469,2237.6,14.76,4270186542
19.496315,-99.140459,2237.4,11.04,4271186566
19.496339,-99.140454,2237.4,8.13,4272186541
19.496358,-99.140452,2237.5,6.33,4273186552
19.496369,-99.140454,2237.7,2.63,4274186532
19.496376,-99.140457,2237.8,1.09,4275186546
19.49638,-99.140461,2237.5,0.04,4276186535
19.496376,-99.140457,2237.8,0.98,4277186542
19.49638,-99.140457,2237.8,2.17,4278186526
19.496385,-99.140459,2237.6,1.54,4279186542
19.49639,-99.140461,2237.5,1.41,4280186526
19.496392,-99.140461,2237.6,0.91,4281186541
19.496393,-99.140461,2237.4,0.02,4282186533
19.496392,-99.140462,2237.2,0,4283186539
19.496392,-99.140462,2237,0,4284186532
19.496392,-99.140463,2237,0.02,4285186548
19.496392,-99.140463,2237,0.09,4286186534
19.496392,-99.140463,2236.9,0.02,4287186545
19.496392,-99.140463,2236.9,0,4288186529
19.496393,-99.140463,2236.8,0,4289186550
19.496395,-99.140463,2236.8,1.19,4290186534
19.496402,-99.140462,2236.8,3.24,4291186549
19.496415,-99.140458,2237,7.39,4292186541
19.496441,-99.140454,2237,12.39,4293186553
19.496473,-99.140451,2237.2,13.08,4294186559
19.496511,-99.14045,2237.2,15.06,219257
19.496551,-99.14044,2237,16.76,1219261
19.496603,-99.140431,2235.7,22.39,2219274
19.496666,-99.140423,2234.8,26.43,3219269
19.496741,-99.140413,2235.7,29.58,4219281
19.496823,-99.140403,2235.7,31.82,5219269
19.496907,-99.140391,2235.9,32.34,6219269
19.496991,-99.140378,2235.6,33.37,7219251
19.497076,-99.140361,2235.6,32.43,8219257
19.497156,-99.140347,2235.9,29.84,9219258
19.497232,-99.140333,2236.1,30.17,10219250
19.497311,-99.140318,2236.1,32.84,11219261
19.497397,-99.140302,2236.1,35.87,12219257
19.497487,-99.140285,2236.1,36.5,13219269
19.497578,-99.140268,2236.4,35.26,14219276
19.497666,-99.140252,2236.6,34.48,15219262
19.497754,-99.140237,2236.6,35.19,16219257
19.497842,-99.14022,2236.6,35.56,17219269
19.49793,-99.140203,2236.7,35.34,18219257
19.498017,-99.140185,2236.8,34.54,19219257
19.498102,-99.140168,2236.7,33.82,20219269
19.498182,-99.140152,2236.6,31.5,21219257
19.498256,-99.140139,2236.3,28.41,22219273
19.498311,-99.140128,2236,17.41,23219245
19.498345,-99.140122,2234.5,9.54,24219257
19.498366,-99.140116,2233.3,8.98,25219250
19.498388,-99.14011,2232.9,11.09,26219273
19.498417,-99.140106,2233.4,14.52,27219261
19.498465,-99.140096,2233.1,25.06,28219265
19.498527,-99.140083,2233.4,26.24,29219269
19.498601,-99.140066,2233.8,33.3,30219264
19.498693,-99.140057,2232.5,40.26,31219265
19.498793,-99.140047,2232,39.84,32219256
19.498897,-99.140027,2232.6,44.3,33219262
19.498995,-99.140002,2233,37.24,34219274
19.499083,-99.139984,2231.5,35.23,35219269
19.499172,-99.139966,2231.3,37.87,36219257
19.499265,-99.139949,2231.8,37.28,37219257
19.499356,-99.139937,2232.2,35.69,38219269
19.499448,-99.139923,2232.9,38.85,39219269
19.499552,-99.139909,2233.5,43.74,40219268
19.499668,-99.139889,2234.2,48.24,41219269
19.499793,-99.139866,2234.9,51.15,42219257
19.499925,-99.139845,2235.5,54.08,43219268
19.500063,-99.139823,2235.9,56.86,44219277
19.500205,-99.139795,2236.4,56.69,45219250
19.500351,-99.139764,2236.8,60.38,46219270
19.500505,-99.139733,2237.6,61.73,47219246
19.50066,-99.139701,2238.4,61.58,48219273
19.500814,-99.139669,2239,61.25,49219256
19.500967,-99.139646,2238.7,59.34,50219274
19.501113,-99.139625,2239,57,51219269
19.501258,-99.139604,2238.6,58.04,52219275
19.501407,-99.139578,2238.5,61.17,53219253
19.501562,-99.139547,2238.6,63.17,54219257
19.501722,-99.139514,2238.9,65.65,55219253
19.501887,-99.139479,2239.1,67.49,56219261
19.502055,-99.139447,2239.7,67.56,57219257
19.502223,-99.139414,2239.8,67.38,58219273
19.50239,-99.13938,2239.4,66.97,59219251
19.502557,-99.139344,2239.6,67.47,60219269
19.502722,-99.139307,2239.7,66.28,61219269
19.502884,-99.139275,2239.6,64.73,62219257
19.50304,-99.139249,2240,61.45,63219249
19.503192,-99.139226,2239.2,61.47,64219265
19.503343,-99.139198,2239.1,61.25,65219250
19.503492,-99.139161,2239.9,60.8,66219269
19.503638,-99.13913,2240.2,58.28,67219262
19.503771,-99.139095,2240.4,52.13,68219257
19.503884,-99.139059,2240.6,43.91,69219257
19.503976,-99.139017,2240.8,38.1,70217966
19.504049,-99.138961,2240.8,34.93,71219269
19.504098,-99.138889,2241,34.28,72219269
19.504122,-99.138798,2241.3,36.35,73219257
19.504118,-99.138693,2241.4,40,74219281
19.504097,-99.13858,2241.2,44.67,75219251
19.504066,-99.138454,2240.8,48.02,76219269
19.504035,-99.138321,2240.5,50.43,77219261
19.504007,-99.138184,2240.2,52.08,78219273
19.503979,-99.138043,2240.2,53.13,79219252
19.503953,-99.137903,2240,53.25,80219273
19.503928,-99.137763,2239.8,51.8,81219265
19.503905,-99.137631,2239.9,48.08,82219269
19.503885,-99.137517,2239.8,40.58,83219269
19.503867,-99.137425,2239.8,30.71,84219261
19.503851,-99.137356,2240,22.84,85219268
19.50384,-99.137312,2240.1,12.33,86219274
19.503835,-99.137282,2240.1,11.96,87219252
19.503829,-99.137251,2239.6,13.06,88219273
19.503822,-99.137207,2239.9,20.11,89219251
19.503807,-99.137141,2239.7,28.67,90219257
19.50379,-99.137052,2239.5,36.48,91219264
19.503771,-99.136946,2239.4,43.39,92219261
19.503749,-99.136825,2239.2,47.26,93219250
19.503724,-99.136692,2239.2,51.82,94219269
19.503698,-99.136549,2239.2,55.3,95219273
19.503672,-99.136399,2239.3,57.13,96219261
19.503647,-99.136247,2239.2,55.8,97219274
19.503622,-99.136103,2239,53.78,98219257
19.503599,-99.135964,2239,51.32,99219257
19.503575,-99.135835,2238.8,47.49,100219253
19.503554,-99.135718,2238.9,42,101219273
19.503535,-99.135619,2239,34.98,102219252
19.50352,-99.135538,2239.1,27.78,103219261
19.503511,-99.135479,2239.7,19.67,104219253
19.503505,-99.135442,2240.7,11.63,105219257
19.503501,-99.135416,2240.5,8.98,106219256
19.503497,-99.135397,2240.6,8.65,107219246
19.503492,-99.135369,2240.5,13.22,108219269
19.503485,-99.135327,2240.4,19.74,109219261
19.503474,-99.135264,2240.3,27.65,110219269
19.503462,-99.135185,2240,32.45,111219269
19.50345,-99.135101,2239.9,31.22,112219257
19.503438,-99.135024,2239.8,27.97,113219269
19.503426,-99.134959,2239.8,22.43,114219269
19.503415,-99.134907,2239.8,18,115219257
19.503406,-99.134864,2239.6,16.56,116219269
19.5034,-99.134825,2239.8,14.52,117219265
19.503391,-99.134786,2239.7,17.24,118219250
19.503382,-99.134734,2239.6,23.09,119219257
19.503371,-99.13466,2239.5,31.45,120219257
19.50336,-99.134566,2239.7,38.95,121219253
19.503349,-99.134452,2239.7,45.89,122219262
19.503334,-99.13432,2239.7,53.26,123219258
19.503312,-99.134166,2239.3,62.34,124219262
19.503293,-99.134001,2239.4,62.28,125219269
19.503274,-99.133836,2239.3,61.43,126219269
19.503245,-99.133669,2239.3,63.88,127219258
19.50321,-99.1335,2236.9,60.93,128219273
19.503184,-99.133337,2237.1,60.3,129219264
19.503162,-99.13318,2237.1,57.25,130219269
19.503148,-99.133037,2237,50.78,131219261
19.503144,-99.132917,2236.9,40.74,132219269
19.50315,-99.132828,2237.2,28.13,133219250
19.503159,-99.132775,2237.1,15.74,134219257
19.503165,-99.132748,2237.2,7.56,135219246
19.503164,-99.132738,2237.3,5.46,136219246
19.503162,-99.132724,2237.6,8.09,137219240
19.503158,-99.132698,2237.6,13.59,138219261
19.503162,-99.132654,2237.7,20.02,139219264
19.503175,-99.132595,2237.9,25.5,140219269
19.503191,-99.132523,2238,30.39,141219251
19.503205,-99.132441,2237.9,31,142219269
19.503215,-99.132356,2237.6,32.63,143219257
19.503214,-99.132264,2237.6,34.43,144219257
19.503205,-99.132175,2237.4,33.82,145219264
19.503193,-99.132093,2237.6,29.58,146219273
19.503181,-99.13201,2238.3,32.32,147219269
19.503172,-99.13192,2238.5,36.23,148219281
19.503163,-99.131816,2238.4,41.71,149219246
19.503148,-99.131703,2238.2,43.17,150219257
19.503129,-99.131593,2238,39.97,151217973
19.503112,-99.131501,2237.3,32.71,152219257
19.503098,-99.131428,2237,24.32,153219268
19.50309,-99.131378,2236.3,14.17,154219257
19.503085,-99.131362,2235.9,2.02,155219252
19.503086,-99.131361,2236.3,1.22,156219257
19.503085,-99.131362,2236.2,0.11,157219240
19.50309,-99.13136,2236.3,0.02,158219256
19.503093,-99.131358,2236.8,0,159219230
19.503096,-99.131356,2236.8,0,160219243
19.503097,-99.131354,2236.8,0.04,161219239
19.503099,-99.131352,2237.2,0,162219249
19.5031,-99.13135,2237.3,0,163219242
19.503102,-99.131347,2237.4,0,164219247
19.503104,-99.131344,2237.8,0.24,165219235
19.503107,-99.131342,2238.1,0,166219243
19.503108,-99.13134,2238.4,0,167219228
19.503109,-99.131338,2238.5,0,168219254
19.50311,-99.131337,2238.6,0,169219236
19.50311,-99.131337,2238.6,0.04,170219257
19.50311,-99.131337,2238.4,0.11,171219245
19.50311,-99.131338,2238.2,0.04,172219257
19.503109,-99.131339,2238,0,173219241
19.503108,-99.13134,2237.8,0.02,174219249
19.503108,-99.131341,2237.6,0.02,175219239
19.503107,-99.131343,2237.4,0,176219254
19.503106,-99.131344,2237.1,0,177219236
19.503105,-99.131346,2236.8,0,178219247
19.503105,-99.131347,2236.6,0,179219249
19.503104,-99.131348,2236.4,0,180219254
19.503104,-99.131349,2236.3,0,181219248
19.503103,-99.131351,2236.2,0,182219243
19.503102,-99.131353,2236.1,0.02,183219250
19.503101,-99.131354,2236.1,0,184219254
19.5031,-99.131355,2236.2,0.02,185219251
19.503099,-99.131356,2236.3,0.02,186219261
19.503099,-99.131357,2236.3,0.02,187219251
19.503099,-99.131358,2236.4,0,188219247
19.5031,-99.131359,2236.6,0,189219242
19.503099,-99.131359,2236.8,0,190219242
19.503099,-99.13136,2236.9,0.02,191219240
19.503098,-99.13136,2237.1,0,192219249
19.503098,-99.13136,2237.1,0,193219228
19.503098,-99.13136,2237.2,0.04,194219256
19.503098,-99.131361,2237.2,0.02,195219251
19.503098,-99.131362,2237.3,0.02,196219250
19.503099,-99.131362,2237.3,0,197219242
19.503098,-99.131362,2237.4,0,198219243
19.503097,-99.131362,2237.3,0,199219242
19.503096,-99.131361,2237.5,0,200219242
19.503095,-99.13136,2237.7,0,201219242
19.503093,-99.131358,2237.9,0,202219247
19.503091,-99.131357,2238.1,0,203219228
19.50309,-99.131356,2238.6,0.72,204219250
19.503088,-99.131345,2238.7,7.76,205219246
19.503079,-99.13131,2238.9,19.46,206219261
19.503061,-99.131251,2239.7,26.06,207219258
19.503048,-99.131187,2239.8,24.5,208219269
19.503048,-99.131126,2239.8,21.84,209219269
19.503059,-99.131077,2240.2,16.41,210219273
19.503106,-99.131034,2240.8,28.48,211219269
19.503186,-99.131005,2241.4,33.35,212219273
19.503276,-99.130985,2241.2,36.58,213219261
19.503381,-99.130965,2241.3,42.78,214219269
19.503497,-99.13094,2241.4,48.8,215219261
19.503625,-99.130904,2241.5,54.47,216219268
19.503759,-99.130859,2241.5,54.86,217219257
19.503887,-99.130812,2241.5,50.74,218219273
19.504001,-99.130765,2241.5,44.65,219219263
19.504095,-99.130726,2241.5,35.78,220219252
19.504165,-99.130697,2241.4,24.87,221219250
19.504208,-99.130678,2241.5,14.45,222219251
19.504239,-99.130664,2241.4,14.22,223219261
19.504279,-99.130645,2241.4,21.98,224219269
19.504343,-99.130612,2241.7,34.08,225219257
19.504437,-99.13057,2241.5,44.56,226219269
19.504547,-99.130509,2241.5,52.45,227219250
19.504669,-99.130441,2241.3,54.87,228219270
19.504789,-99.130369,2241.2,53.5,229219251
19.504904,-99.130299,2241.2,51.17,230219245
19.50501,-99.130229,2241.3,48.04,231219252
19.505106,-99.130168,2241.1,41.32,232219257
19.505183,-99.130114,2241,32.95,233220587
19.505243,-99.130067,2241,28.21,234219268
19.505292,-99.130026,2241.1,23.22,235219275
19.50533,-99.129992,2241.2,18.28,236219250
19.505359,-99.129968,2241.1,14.24,237219269
19.505377,-99.129954,2240.9,7.74,238219235
19.505385,-99.129951,2240.7,3.19,239219245
19.505385,-99.12995,2240.7,0.19,240219246
19.505383,-99.129952,2240.8,0,241219253
19.505382,-99.129954,2240.8,0.02,242219245
19.505381,-99.129955,2240.9,0.19,243219245
19.505378,-99.129953,2241.2,0,244219242
19.505379,-99.129955,2241.2,0.59,245219261
19.505384,-99.129951,2241.1,4.82,246219250
19.505395,-99.129941,2241.2,7.11,247219237
19.505414,-99.129924,2241.2,12.04,248219250
19.50544,-99.129902,2241.2,14.45,249219262
19.505471,-99.129877,2241.2,16.26,250219269
19.505506,-99.129851,2241.4,17.37,251219257
19.505549,-99.129823,2241.6,22.52,252219257
19.505599,-99.12979,2241.8,23.41,253219270
19.505646,-99.129753,2241.8,22.84,254219269
19.50569,-99.129716,2241.7,21.52,255219270
19.505735,-99.129675,2241.4,24.96,256219250
19.505793,-99.129623,2241,34.15,257219273
19.505867,-99.129555,2240.5,41.74,258219250
19.505953,-99.129472,2240,48.69,259219273
19.506049,-99.129375,2240,54.84,260219257
19.506157,-99.129266,2240.3,60.58,261219269
19.506268,-99.129152,2240.5,61.3,262219256
19.50638,-99.129037,2240.8,61.5,263219263
19.506491,-99.128924,2241.3,57.97,264219246
19.506597,-99.12882,2241.7,54.3,265219273
19.506694,-99.128725,2241.6,50.17,266219262
19.50678,-99.128641,2241.4,43.91,267219270
19.506855,-99.128563,2241.3,40.21,268219257
19.506922,-99.128494,2241.2,35.82,269219281
19.506983,-99.128435,2240.9,31.45,270219261
19.507038,-99.128378,2240.8,30.24,271219269
19.50709,-99.128326,2240.8,28.76,272219257
19.50714,-99.128279,2240.4,26.48,273219269
19.507184,-99.128235,2240.2,26.08,274219269
19.507224,-99.128191,2239.8,22.95,275219269
19.507258,-99.128152,2239.8,18.11,276219238
19.507287,-99.128126,2239.4,13.46,277219262
19.50731,-99.128101,2240.4,13.19,278219246
19.507335,-99.12808,2240.4,14.67,279219257
19.507366,-99.128053,2240.2,17.8,280219257
19.5074,-99.128023,2240.1,19.08,281219269
19.507437,-99.127996,2240,17.67,282219245
19.507474,-99.12798,2239.8,15.82,283219264
19.507508,-99.127977,2239.7,12.95,284219258
19.507537,-99.127983,2239.5,10.7,285219269
19.507564,-99.127996,2239.2,11.91,286219257
19.507594,-99.128017,2239,15.95,287219269
19.507624,-99.12805,2238.9,16.04,288219250
19.507645,-99.128087,2238.8,15.56,289219273
19.507656,-99.128126,2238.7,14.5,290219269
19.507662,-99.128165,2238.7,13.63,291219270
19.507662,-99.128203,2238.6,14.8,292219257
19.507657,-99.128245,2238.7,15.74,293219265
19.507649,-99.128287,2238.8,16.24,294219258
19.507633,-99.12833,2238.6,17.3,295219269
19.507607,-99.128372,2238.7,19.26,296219265
19.507572,-99.128413,2238.7,20.59,297219269
19.507532,-99.128451,2238.8,20.76,298219257
19.507491,-99.128491,2238.6,21.11,299219269
19.507448,-99.128533,2238.6,22.5,300219257
19.507405,-99.128575,2238.7,23.09,301219269
19.507361,-99.128617,2238.9,21.72,302219247
19.507324,-99.128653,2238.9,18.02,303219265
19.507295,-99.128681,2239,12.82,304219249
19.507274,-99.128701,2238.9,9.09,305219245
19.507254,-99.128715,2239.2,10.07,306219265
19.507238,-99.128738,2238.8,9.37,307219257
19.50722,-99.128759,2238.6,9.26,308219234
19.507208,-99.128776,2238.7,7.48,309219246
19.507204,-99.128796,2238.7,7.63,310219246
19.507207,-99.128813,2238.9,7.83,311219246
19.50722,-99.128831,2239,8.83,312219249
19.507236,-99.128849,2238.8,9.26,313219241
19.507253,-99.128866,2238.4,8.56,314219246
19.507268,-99.128879,2238.3,6.46,315219257
19.507277,-99.128887,2238.4,4.07,316219245
19.507287,-99.128893,2238.4,5.65,317219257
19.507297,-99.128905,2238.4,6.41,318219245
19.507304,-99.128916,2238.9,5.5,319219245
19.50731,-99.128924,2239.4,3.24,320219246
19.507316,-99.12893,2239.4,2.06,321219261
19.50732,-99.128938,2239.6,2.82,322219246
19.507329,-99.128946,2240,4.44,323219249
19.507341,-99.128962,2240.5,7.09,324219237
19.507363,-99.12899,2240.4,13.67,325219269
19.507395,-99.129024,2240.3,18.83,326219257
19.507436,-99.129046,2240.2,15.74,327219269
19.507476,-99.129053,2239.6,15.28,328219257
19.50752,-99.129045,2239.3,16.95,329219281
19.507564,-99.129017,2238.9,21.19,330219246
19.507611,-99.12897,2238.4,25.41,331219273
19.507662,-99.128917,2238.2,27.97,332219246
19.507713,-99.128862,2237.8,27.43,333219269
19.507759,-99.128811,2237.5,25.43,334219261
19.507801,-99.128763,2237.3,23.32,335219273
19.507835,-99.128718,2237.1,20.67,336219262
19.507853,-99.128671,2237.1,17.82,337219277
19.50785,-99.128625,2237.1,17.71,338219252
19.507826,-99.128578,2236.7,20.46,339219277
19.507787,-99.128533,2236.5,22.82,340219263
19.507743,-99.128492,2236.4,21.02,341219275
19.507709,-99.128452,2236.4,18.56,342219246
19.507689,-99.128409,2236.6,17.59,343219276
19.507691,-99.128364,2236.8,18.48,344219241
19.507719,-99.12832,2237,21.06,345219272
19.50776,-99.128275,2237.2,25,346219251
19.507808,-99.128226,2237.2,26.45,347219307
19.507856,-99.128179,2237.3,25.76,348219250
19.507906,-99.128131,2237.5,26.65,349219273
19.507957,-99.128082,2237.7,26.93,350219246
19.508007,-99.128032,2237.7,27.08,351219273
19.508058,-99.127983,2237.9,26.45,352219250
19.508107,-99.127934,2238.1,26.41,353219269
19.508154,-99.127887,2238.3,25.48,354219252
19.508203,-99.127849,2237.2,22.98,355219270
19.508248,-99.12782,2236.8,18.95,356219270
19.508283,-99.127793,2236.3,16.5,357219269
19.508317,-99.127773,2236,14.48,358219245
19.508356,-99.127764,2234,17.24,359219256
19.508395,-99.127773,2233.4,17.08,360219250
19.508433,-99.127805,2234.2,20.63,361219262
19.508467,-99.127848,2234.4,20.89,362219265
19.508502,-99.127894,2234.9,19.52,363219273
19.508535,-99.127935,2236,16.24,364219257
19.508566,-99.12796,2235.9,14.08,365219269
19.508599,-99.127969,2235.8,14.2,366219250
19.508633,-99.127964,2236,14.83,367219269
19.508666,-99.127943,2236.1,16.04,368219250
19.508699,-99.127913,2236.4,17.8,369219273
19.508732,-99.12788,2236.4,17.65,370219257
19.508763,-99.127851,2236.6,16.06,371219273
19.508795,-99.127824,2236.5,15.95,372219261
19.508831,-99.127801,2236.7,16.8,373219273
19.508872,-99.127783,2237.2,17.63,374219250
19.508914,-99.127779,2237.6,17.63,375219276
19.508956,-99.127792,2237.8,15.98,376219246
19.508992,-99.127817,2237.7,16.08,377219277
19.509022,-99.127847,2237.4,15.22,378219246
19.509049,-99.127876,2237.4,15.43,379219276
19.509076,-99.127907,2237.4,15.98,380219257
19.509106,-99.127938,2237.3,17.21,381219257
19.509138,-99.127974,2237.4,19.52,382219250
19.509173,-99.128015,2237.5,20.72,383219264
19.509206,-99.128057,2237.6,20.19,384219269
19.509242,-99.128099,2237.5,21.84,385219270
19.509281,-99.128144,2237.5,23.78,386219249
19.509326,-99.12819,2237.8,24.61,387219269
19.509371,-99.128238,2237.8,24.96,388219270
19.509413,-99.128287,2237.8,23.89,389219274
19.509453,-99.128334,2237.7,24.22,390219269
19.509495,-99.128381,2237.8,23.87,391219270
19.509535,-99.128428,2237.9,23.19,392219257
19.509576,-99.128472,2237.8,22.85,393219270
19.509615,-99.128514,2237.6,21.37,394219246
19.509651,-99.128556,2237.7,20.63,395219281
19.509689,-99.128597,2237.8,22.39,396219273
19.509729,-99.128643,2237.9,23.98,397219277
19.509772,-99.128691,2237.9,24.98,398219269
19.509815,-99.128742,2237.9,25.85,399219276
19.509859,-99.128794,2238,26.13,400219249
19.509903,-99.128843,2238,25.37,401219269
19.509948,-99.128892,2238.1,25.74,402219250
19.50999,-99.128941,2238.1,24.78,403219264
19.510031,-99.128988,2238.1,23.41,404219264
19.51007,-99.129033,2238.6,21.63,405219273
19.510106,-99.129072,2238.8,20.11,406219250
19.51014,-99.129109,2238.8,19.15,407219257
19.510172,-99.129147,2239,19.15,408219249
19.510204,-99.129186,2239,19.72,409219268
19.510239,-99.129224,2239.1,20.33,410219257
19.510277,-99.129262,2239.1,20.89,411219282
19.510321,-99.129292,2239,20.89,412219269
19.510369,-99.129312,2238.8,20.76,413219269
19.510419,-99.129328,2238.7,20.3,414219250
19.510468,-99.129344,2238.6,20.15,415219273
19.510515,-99.12936,2238.5,19.28,416219257
19.510563,-99.129374,2238.5,19.96,417219275
19.510614,-99.12939,2238.4,22.04,418219241
19.51067,-99.129406,2238.4,23.82,419219276
19.51073,-99.129423,2238.3,25.02,420219257
19.51079,-99.129439,2238.3,24.61,421219276
19.51085,-99.129456,2238.3,24.3,422219250
19.51091,-99.129472,2238.3,24.96,423219273
19.510971,-99.12949,2238.3,24.78,424219240
19.511029,-99.129507,2238.2,23.54,425219274
19.511085,-99.129525,2238.2,23.11,426219257
19.51114,-99.129542,2238.2,22.06,427219281
19.511191,-99.129558,2238.2,20.74,428219250
19.511241,-99.129572,2238.3,20.56,429219269
19.51129,-99.129581,2238.3,19.58,430219269
19.511339,-99.129582,2238.3,20.22,431219269
19.51139,-99.129573,2238.4,21.15,432219250
19.511442,-99.129558,2238.5,21.06,433219268
19.511488,-99.129541,2238.7,17.8,434219252
19.511527,-99.129527,2239,15.59,435219256
19.511569,-99.129515,2239.3,19.21,436219247
19.511623,-99.129515,2239.4,23.15,437219273
19.511682,-99.12954,2239.5,26.87,438219257
19.511737,-99.129592,2239.3,31.74,439219270
19.511797,-99.129663,2239.3,38.3,440219257
19.511869,-99.129744,2239.3,43.1,441219269
19.511944,-99.129826,2239.4,41.61,442219257
19.512012,-99.129899,2239.5,35.24,443219262
19.512068,-99.129962,2239.6,29.43,444219247
19.512106,-99.130025,2239.6,27.63,445219269
19.512121,-99.1301,2239.6,29.54,446219270
19.512115,-99.130185,2239.5,33.15,447219263
19.512102,-99.13028,2239.3,37.34,448219250
19.512093,-99.130379,2239.2,36.58,449219263
19.512093,-99.130467,2239.1,29.85,450219258
19.512098,-99.130538,2238.8,23.72,451219262
19.5121,-99.1306,2238.7,23.48,452219250
19.512094,-99.130665,2238.7,25.82,453219281
19.51208,-99.130731,2238.6,25.32,454219269
19.512058,-99.130791,2238.6,23.06,455219276
19.51203,-99.130841,2238.6,20.26,456219273
19.511994,-99.130872,2238.6,17.69,457219269
19.511956,-99.13088,2238.6,13.32,458219257
19.511932,-99.130869,2238.5,7.24,459219245
19.511919,-99.130856,2238.5,4.67,460219245
19.51191,-99.130848,2238.4,3.5,461219262
19.511904,-99.130843,2238.4,2.28,462219250
19.511903,-99.13084,2238.5,0.09,463219245
19.511905,-99.130839,2238.6,0,464219231
19.511906,-99.130838,2238.6,0.04,465219261
19.511907,-99.130837,2238.7,0.2,466219249
19.511906,-99.130836,2238.8,0,467219254
19.511907,-99.130835,2238.9,0.54,468219246
19.511909,-99.130836,2238.9,1.07,469219250
19.51191,-99.130836,2239,0.35,470219235
19.51191,-99.130836,2239.1,0.02,471219263
19.51191,-99.130835,2239.2,0,472219234
19.511911,-99.130834,2239.2,0,473219243
19.511911,-99.130834,2239.3,0,474219242
19.511912,-99.130833,2239.3,0,475219254
19.511913,-99.130833,2239.3,0,476219242
19.511913,-99.130833,2239.3,0,477219254
19.511913,-99.130833,2239.3,0,478219246
19.511913,-99.130833,2239.4,0,479219249
19.511913,-99.130833,2239.4,0,480219228
19.511913,-99.130833,2239.5,0,481219242
19.511913,-99.130833,2239.5,0,482219242
19.511913,-99.130834,2239.5,0,483219253
19.511913,-99.130834,2239.5,0,484219228